Date,2016/09/22,2016/09/22,2016/09/22,2016/09/22,2016/09/22,2016/09/22,2016/09/22,2016/09/22,2016/09/22,2016/09/22,2016/09/22,2016/09/22,
Time,00:00:00,00:05:00,00:10:00,00:15:00,00:20:00,00:25:00,00:30:00,00:35:00,00:40:00,00:45:00,00:50:00,00:55:00,
Memo,EKO WISER,EKO WISER,EKO WISER,EKO WISER,EKO WISER,EKO WISER,EKO WISER,EKO WISER,EKO WISER,EKO WISER,EKO WISER,EKO WISER,
Sensor,MS-711,MS-711,MS-711,MS-711,MS-711,MS-711,MS-711,MS-711,MS-711,MS-711,MS-711,MS-711,
Exposure Time(msec),5000,5000,5000,5000,5000,5000,5000,5000,5000,5000,5000,5000,
Sensor Temp.(deg),24.6,24.6,24.6,24.8,24.7,24.7,24.6,24.6,24.6,24.6,24.6,24.6,
Power(V),5.9,5.9,5.9,5.9,5.9,5.9,5.9,5.9,5.9,5.9,5.9,5.9,
Wavelength(nm),Irradiance(W/m2/um),Irradiance(W/m2/um),Irradiance(W/m2/um),Irradiance(W/m2/um),Irradiance(W/m2/um),Irradiance(W/m2/um),Irradiance(W/m2/um),Irradiance(W/m2/um),Irradiance(W/m2/um),Irradiance(W/m2/um),Irradiance(W/m2/um),Irradiance(W/m2/um),
287.77,-0.00,0.00,0.00,0.00,-0.00,-0.00,-0.00,-0.00,-0.00,0.00,0.00,-0.00,
288.21,0.00,0.00,0.00,0.00,-0.00,-0.00,-0.00,-0.00,-0.00,0.00,-0.00,-0.00,
288.65,0.00,0.00,0.00,0.00,-0.00,-0.00,-0.00,0.00,-0.00,0.00,0.00,-0.00,
289.08,-0.00,0.00,0.00,-0.00,-0.00,-0.00,-0.00,0.00,0.00,0.00,0.00,-0.00,
289.52,0.00,0.00,0.00,-0.00,-0.00,-0.00,-0.00,0.00,0.00,0.00,0.00,-0.00,
289.95,0.00,0.00,0.00,-0.00,-0.00,-0.00,-0.00,0.00,-0.00,-0.00,0.00,-0.00,
290.39,0.00,0.00,0.00,-0.00,0.00,-0.00,-0.00,0.00,-0.00,-0.00,0.00,-0.00,
290.82,0.00,0.00,0.00,-0.00,-0.00,-0.00,0.00,0.00,-0.00,-0.00,0.00,-0.00,
291.26,0.00,0.00,0.00,-0.00,-0.00,-0.00,0.00,0.00,-0.00,-0.00,0.00,-0.00,
291.69,-0.00,0.00,0.00,-0.00,-0.00,-0.00,-0.00,-0.00,-0.00,-0.00,0.00,-0.00,
292.13,-0.00,0.00,0.00,-0.00,-0.00,-0.00,0.00,-0.00,-0.00,-0.00,0.00,-0.00,
292.56,0.00,0.00,-0.00,-0.00,0.00,-0.00,0.00,-0.00,-0.00,-0.00,0.00,-0.00,
293.00,-0.00,0.00,0.00,-0.00,0.00,-0.00,0.00,-0.00,-0.00,-0.00,0.00,-0.00,
293.43,-0.00,0.00,0.00,-0.00,0.00,-0.00,0.00,-0.00,0.00,-0.00,0.00,-0.00,
293.87,0.00,0.00,-0.00,-0.00,-0.00,-0.00,0.00,-0.00,0.00,-0.00,-0.00,0.00,
294.30,0.00,0.00,-0.00,-0.00,0.00,-0.00,-0.00,0.00,0.00,-0.00,-0.00,-0.00,
294.74,0.00,-0.01,-0.03,-0.03,0.00,-0.03,-0.01,0.01,0.01,-0.02,-0.01,-0.01,
295.17,0.01,-0.01,-0.02,-0.02,-0.01,-0.03,-0.00,-0.02,0.00,-0.03,-0.01,-0.01,
295.61,0.01,0.00,-0.01,-0.02,-0.01,-0.02,-0.00,-0.00,-0.02,-0.03,-0.01,-0.00,
296.04,0.00,0.00,-0.03,-0.01,-0.00,-0.02,0.00,0.00,-0.02,-0.03,-0.01,0.00,
296.47,0.00,0.00,-0.02,-0.00,0.00,-0.01,-0.01,-0.01,-0.01,-0.01,-0.02,-0.00,
296.91,0.01,0.01,-0.02,-0.00,-0.01,0.00,-0.01,-0.02,-0.00,-0.01,-0.01,-0.01,
297.34,0.00,0.02,-0.02,0.00,-0.00,-0.01,-0.03,-0.02,-0.01,0.00,-0.01,-0.01,
297.78,-0.00,0.01,-0.03,0.00,0.00,-0.01,-0.03,-0.03,-0.00,-0.00,-0.01,-0.00,
298.21,-0.00,0.02,-0.03,-0.02,0.00,-0.00,-0.02,-0.02,0.02,-0.02,0.00,0.00,
298.65,0.00,0.02,-0.02,-0.01,0.01,0.00,-0.01,-0.00,0.01,-0.00,-0.01,-0.02,
299.08,0.01,0.00,-0.00,-0.00,0.02,0.00,-0.02,-0.00,0.00,-0.00,-0.02,0.00,
299.51,0.03,-0.01,-0.00,-0.00,0.01,-0.01,-0.02,-0.00,0.02,0.00,-0.01,0.00,
299.95,0.03,0.00,-0.01,-0.01,0.01,-0.00,-0.01,0.01,0.02,0.00,-0.01,-0.02,
300.38,0.02,0.00,-0.01,-0.02,0.02,0.00,-0.02,0.01,0.00,-0.01,-0.01,-0.02,
300.82,0.01,0.00,0.01,-0.01,0.01,0.01,-0.03,-0.03,0.00,-0.01,-0.02,-0.02,
301.25,0.00,0.02,0.00,-0.01,0.01,0.01,-0.02,-0.02,-0.01,-0.02,-0.02,-0.00,
301.68,-0.01,0.02,-0.00,-0.01,0.02,0.01,-0.01,-0.01,-0.02,-0.02,-0.02,-0.00,
302.12,-0.00,0.00,0.00,0.00,0.02,0.01,0.00,-0.01,-0.01,-0.01,-0.03,-0.00,
302.55,0.01,0.00,0.01,-0.00,0.01,0.01,-0.01,-0.01,-0.01,-0.00,-0.03,-0.00,
302.99,0.01,0.00,0.00,0.01,0.00,0.00,-0.01,-0.01,0.00,0.00,-0.03,0.00,
303.42,-0.00,0.00,0.01,0.00,0.01,-0.00,-0.01,-0.02,-0.01,-0.00,-0.04,-0.00,
303.85,-0.00,-0.00,0.02,-0.01,0.01,-0.00,-0.01,-0.01,0.00,-0.01,-0.03,-0.01,
304.29,0.01,-0.00,0.03,-0.01,0.00,-0.00,-0.00,0.00,0.00,-0.02,-0.02,-0.02,
304.72,0.02,-0.00,0.03,-0.00,0.01,-0.01,-0.00,0.01,-0.02,-0.03,-0.04,-0.00,
305.15,0.01,-0.01,0.02,0.00,0.00,-0.02,-0.00,0.00,-0.02,-0.03,-0.03,0.01,
305.59,0.01,0.01,0.02,-0.00,-0.01,-0.00,0.00,0.01,-0.02,-0.03,-0.03,-0.00,
306.02,0.00,0.01,0.02,-0.01,-0.01,0.00,-0.00,0.01,-0.01,-0.03,-0.03,-0.00,
306.46,-0.01,0.01,0.02,0.01,-0.01,0.00,-0.01,-0.01,-0.02,-0.03,-0.02,-0.00,
306.89,-0.02,0.02,0.02,0.01,-0.02,0.00,-0.00,-0.01,-0.03,-0.04,-0.02,0.00,
307.32,-0.01,0.02,0.00,-0.01,-0.01,-0.00,0.01,0.01,-0.02,-0.04,-0.02,0.01,
307.76,-0.02,0.01,0.02,0.00,0.00,-0.00,0.02,0.01,-0.01,-0.03,-0.02,-0.00,
308.19,-0.00,0.00,0.02,0.00,-0.00,-0.00,0.01,0.01,-0.00,-0.02,-0.01,-0.00,
308.62,0.01,0.02,0.02,0.00,-0.00,-0.02,-0.00,0.00,0.00,-0.01,-0.00,-0.00,
309.06,0.01,0.02,0.02,-0.01,-0.01,-0.02,-0.00,0.01,0.00,-0.01,0.00,-0.01,
309.49,-0.01,0.02,0.03,-0.01,0.00,-0.02,0.00,0.01,0.01,-0.02,0.00,-0.02,
309.92,-0.00,0.01,0.02,-0.02,-0.02,-0.02,0.00,0.01,0.01,-0.03,0.01,-0.03,
310.35,-0.00,0.01,0.02,-0.01,-0.01,-0.02,0.01,0.02,-0.01,-0.04,0.01,-0.02,
310.79,-0.02,0.01,0.01,-0.01,-0.01,-0.02,0.01,0.02,-0.00,-0.02,0.00,-0.01,
311.22,-0.02,0.01,0.02,-0.01,-0.01,-0.01,0.01,0.01,0.01,-0.01,-0.00,-0.02,
311.65,-0.01,0.02,0.02,-0.01,-0.01,-0.01,0.00,0.01,0.01,-0.01,0.00,-0.03,
312.09,-0.02,0.02,0.01,0.00,0.00,-0.01,-0.01,-0.01,0.01,0.00,-0.00,-0.02,
312.52,-0.03,0.01,0.00,0.01,-0.00,-0.01,-0.01,-0.01,0.01,-0.01,-0.01,-0.02,
312.95,-0.02,0.01,0.00,-0.02,0.00,-0.01,-0.00,-0.01,0.03,-0.01,-0.00,-0.01,
313.38,-0.01,0.01,0.01,-0.02,0.01,-0.01,0.00,-0.00,0.04,-0.00,0.00,-0.03,
313.82,-0.01,-0.02,0.02,0.00,0.02,-0.02,0.00,-0.01,0.03,-0.01,0.00,-0.02,
314.25,0.01,-0.02,0.01,-0.00,0.01,-0.03,-0.00,-0.01,0.04,-0.01,0.00,-0.03,
314.68,0.01,-0.01,0.01,-0.01,-0.00,-0.02,-0.01,0.00,0.05,-0.00,0.00,-0.03,
315.12,0.00,-0.01,0.01,-0.02,0.00,-0.01,-0.01,0.00,0.04,-0.01,-0.01,-0.03,
315.55,-0.01,-0.02,0.02,-0.01,0.00,-0.01,-0.02,-0.02,0.04,-0.02,-0.01,-0.02,
315.98,-0.00,-0.01,0.01,-0.01,-0.00,-0.00,-0.03,-0.01,0.03,-0.03,-0.01,-0.00,
316.41,-0.01,-0.00,-0.00,-0.01,0.00,-0.00,-0.02,-0.00,0.02,-0.02,-0.01,0.01,
316.85,-0.00,-0.01,0.00,0.00,0.01,-0.00,-0.02,-0.01,0.02,-0.02,-0.01,0.01,
317.28,0.00,-0.01,0.00,0.00,0.00,0.00,-0.03,-0.01,0.02,-0.01,-0.02,0.01,
317.71,0.01,-0.01,-0.01,0.01,-0.02,-0.01,-0.04,-0.01,0.02,-0.00,-0.01,0.01,
318.14,0.00,-0.01,-0.02,0.00,-0.01,-0.01,-0.04,-0.01,0.02,-0.01,-0.02,0.01,
318.57,-0.00,-0.02,-0.01,-0.02,-0.01,-0.02,-0.03,-0.00,0.03,-0.03,-0.01,0.00,
319.01,0.00,-0.03,-0.01,-0.02,-0.01,-0.02,-0.02,0.00,0.02,-0.03,-0.00,-0.01,
319.44,0.00,-0.04,0.00,-0.01,-0.00,-0.03,-0.02,0.01,0.00,-0.03,-0.01,-0.01,
319.87,-0.01,-0.04,0.01,-0.00,-0.01,-0.04,-0.03,0.01,0.01,-0.02,-0.02,-0.01,
320.30,-0.00,-0.03,-0.00,-0.01,-0.03,-0.02,-0.04,0.03,0.00,-0.02,-0.02,-0.02,
320.73,-0.01,-0.02,-0.01,-0.01,-0.02,-0.01,-0.04,0.02,-0.01,-0.03,-0.03,-0.01,
321.17,-0.03,-0.02,-0.00,0.01,-0.02,-0.02,-0.05,-0.00,-0.02,-0.03,-0.03,-0.01,
321.60,-0.03,-0.01,-0.01,-0.00,-0.03,-0.01,-0.04,-0.00,-0.02,-0.05,-0.03,-0.01,
322.03,-0.03,-0.01,-0.03,-0.01,-0.02,-0.02,-0.02,0.01,-0.02,-0.04,-0.03,0.00,
322.46,-0.03,-0.01,-0.01,-0.00,-0.02,-0.02,-0.01,0.01,-0.01,-0.03,-0.03,-0.00,
322.89,-0.02,-0.02,0.00,-0.00,-0.02,-0.02,-0.01,0.00,0.00,-0.02,-0.03,-0.01,
323.33,-0.01,-0.02,0.00,-0.01,-0.03,-0.03,-0.03,-0.00,0.01,-0.01,-0.03,-0.01,
323.76,-0.02,-0.02,0.00,-0.01,-0.02,-0.03,-0.03,-0.01,0.01,-0.02,-0.02,-0.01,
324.19,-0.03,-0.02,0.01,-0.03,-0.01,-0.03,-0.02,-0.01,0.01,-0.03,-0.03,-0.02,
324.62,-0.02,-0.02,0.02,-0.02,-0.02,-0.03,-0.01,-0.01,0.02,-0.03,-0.02,-0.02,
325.05,-0.01,-0.02,0.02,-0.01,-0.01,-0.03,-0.01,-0.00,-0.01,-0.03,-0.03,0.00,
325.48,-0.02,-0.01,0.02,-0.00,-0.01,-0.03,-0.01,0.01,-0.01,-0.03,-0.03,0.01,
325.92,-0.02,0.00,0.01,-0.00,-0.02,-0.02,0.00,0.00,0.00,-0.02,-0.03,0.01,
326.35,-0.01,0.00,0.00,-0.01,-0.02,-0.01,-0.01,-0.01,-0.00,-0.03,-0.02,0.01,
326.78,-0.03,0.01,0.01,0.00,-0.02,-0.02,-0.01,-0.03,-0.01,-0.02,-0.01,0.02,
327.21,-0.04,0.00,0.00,0.00,-0.02,-0.02,-0.00,-0.03,-0.02,-0.02,-0.01,0.02,
327.64,-0.03,0.00,0.00,-0.02,-0.02,-0.03,0.01,-0.02,-0.01,-0.02,-0.01,0.02,
328.07,-0.03,-0.01,0.02,-0.01,-0.00,-0.02,0.01,-0.00,-0.01,-0.00,-0.00,0.00,
328.50,-0.02,-0.02,0.03,-0.00,-0.00,-0.03,0.00,-0.01,-0.01,0.00,-0.00,0.00,
328.93,-0.00,-0.02,0.02,-0.00,-0.01,-0.03,-0.01,-0.00,-0.00,0.01,-0.00,-0.01,
329.37,-0.00,-0.02,0.01,-0.01,0.00,-0.01,-0.01,0.01,-0.01,0.00,-0.00,-0.02,
329.80,-0.02,-0.02,0.00,-0.01,0.01,-0.01,-0.01,0.01,0.00,-0.01,-0.00,-0.02,
330.23,-0.01,-0.02,0.01,0.00,-0.01,-0.02,-0.01,-0.00,-0.00,-0.01,-0.01,-0.03,
330.66,-0.02,-0.01,0.00,0.00,-0.00,-0.02,-0.00,0.01,-0.02,-0.02,0.00,-0.01,
331.09,-0.03,-0.01,-0.00,0.00,-0.00,-0.01,-0.00,0.01,-0.02,-0.02,0.00,-0.01,
331.52,-0.02,-0.01,0.00,0.01,-0.01,-0.01,0.01,0.01,-0.01,-0.02,0.00,-0.02,
331.95,-0.01,-0.01,-0.01,0.01,-0.01,-0.01,0.00,0.01,-0.01,-0.01,0.00,-0.02,
332.38,-0.02,-0.01,-0.01,0.01,-0.01,-0.01,-0.01,0.00,-0.01,0.00,0.01,-0.02,
332.81,-0.02,-0.01,-0.01,0.01,-0.01,-0.01,-0.01,0.00,-0.01,-0.01,0.01,-0.02,
333.24,-0.02,-0.02,-0.02,-0.01,-0.00,-0.02,0.00,0.01,0.01,-0.01,0.00,-0.02,
333.68,-0.01,-0.02,-0.01,-0.01,0.02,-0.01,0.00,0.02,0.01,-0.00,-0.00,-0.04,
334.11,-0.01,-0.02,-0.00,-0.01,0.02,-0.01,0.01,0.01,0.01,-0.00,-0.00,-0.04,
334.54,0.00,-0.02,-0.00,0.00,0.01,-0.02,-0.00,0.01,0.02,-0.01,-0.00,-0.03,
334.97,0.00,-0.00,-0.01,-0.00,0.01,0.00,0.00,0.02,0.02,-0.01,-0.00,-0.03,
335.40,-0.01,0.00,-0.00,-0.00,0.01,0.01,-0.00,0.01,0.02,-0.02,-0.00,-0.03,
335.83,-0.01,0.01,0.00,0.01,-0.00,-0.01,-0.01,-0.00,0.01,-0.03,0.00,-0.02,
336.26,-0.01,0.01,0.00,0.01,-0.00,-0.01,0.00,0.00,-0.00,-0.03,-0.00,-0.01,
336.69,-0.02,0.01,-0.00,0.01,0.00,-0.01,0.00,0.01,0.00,-0.03,0.00,-0.01,
337.12,-0.02,0.00,0.01,0.01,0.01,-0.01,0.00,0.01,0.00,-0.02,0.00,-0.01,
337.55,-0.01,-0.00,0.01,0.01,0.00,-0.02,0.00,0.01,0.01,-0.01,-0.00,-0.01,
337.98,-0.01,0.00,0.01,0.01,0.00,-0.01,-0.01,-0.00,0.01,-0.00,-0.01,-0.01,
338.41,-0.02,0.01,0.02,0.00,0.01,-0.01,-0.01,-0.00,0.01,-0.01,-0.01,-0.01,
338.84,-0.02,0.00,0.02,-0.01,0.00,-0.01,-0.01,-0.00,0.02,-0.02,-0.01,-0.01,
339.27,-0.01,0.00,0.01,-0.01,0.00,-0.02,0.00,-0.00,0.00,-0.02,-0.01,-0.02,
339.70,0.01,0.01,0.02,-0.01,-0.00,-0.01,-0.00,0.01,-0.01,-0.03,-0.01,-0.01,
340.13,0.00,0.01,0.02,-0.01,-0.01,-0.02,-0.00,0.01,-0.01,-0.02,-0.00,-0.01,
340.56,0.00,0.00,0.02,-0.00,-0.02,-0.02,-0.00,0.01,-0.01,-0.02,0.00,-0.00,
340.99,0.00,0.01,0.02,-0.01,-0.03,-0.01,-0.00,0.01,-0.01,-0.03,-0.00,0.00,
341.42,-0.01,0.00,0.02,0.00,-0.03,-0.01,-0.01,-0.01,-0.01,-0.03,-0.00,0.00,
341.85,-0.01,0.00,0.02,0.00,-0.03,-0.02,0.00,-0.01,-0.01,-0.04,-0.00,0.01,
342.28,-0.01,0.00,0.01,-0.01,-0.02,-0.02,0.01,-0.01,-0.00,-0.03,-0.00,0.01,
342.71,-0.01,-0.00,0.01,-0.01,-0.01,-0.01,0.02,-0.00,0.00,-0.02,0.00,0.00,
343.14,-0.01,-0.01,0.01,-0.01,-0.01,-0.01,0.02,-0.01,-0.00,-0.01,-0.00,0.00,
343.57,0.01,-0.01,0.01,-0.01,-0.02,-0.02,0.01,-0.01,0.01,-0.01,0.00,0.00,
344.00,0.00,-0.01,0.01,-0.02,-0.02,0.00,0.01,0.01,0.00,-0.01,0.00,0.01,
344.43,-0.00,-0.02,0.01,-0.01,-0.02,-0.00,0.01,0.00,0.00,-0.01,0.00,-0.00,
344.86,0.00,-0.02,0.00,-0.01,-0.02,-0.01,0.01,-0.00,0.01,-0.01,0.00,-0.00,
345.29,0.01,-0.02,0.01,-0.01,-0.01,-0.02,0.02,0.01,-0.00,-0.02,0.00,0.00,
345.72,-0.00,-0.02,0.01,0.00,-0.01,-0.02,0.01,0.01,0.01,-0.01,0.00,0.00,
346.15,-0.00,-0.02,0.00,0.00,-0.02,-0.02,0.02,0.01,0.02,-0.01,0.00,0.01,
346.58,-0.01,-0.01,-0.00,0.00,-0.02,-0.02,0.01,0.00,0.02,-0.01,0.00,0.01,
347.01,-0.01,-0.01,-0.01,0.01,-0.01,-0.01,0.00,-0.00,0.02,-0.01,0.01,0.01,
347.44,-0.02,-0.02,-0.01,0.01,-0.01,-0.01,0.00,-0.01,0.01,-0.01,0.01,0.01,
347.87,-0.02,-0.02,-0.02,-0.01,-0.01,-0.02,0.01,-0.00,0.02,-0.01,0.02,0.01,
348.30,-0.01,-0.02,-0.01,-0.01,0.01,-0.02,0.01,0.00,0.02,0.00,0.02,0.00,
348.73,-0.00,-0.03,-0.00,0.00,0.01,-0.02,0.01,0.00,0.01,0.00,0.01,0.00,
349.16,0.01,-0.03,-0.00,0.00,-0.00,-0.03,-0.00,-0.00,0.02,0.01,0.01,0.00,
349.59,0.01,-0.02,-0.00,0.00,0.00,-0.01,0.00,0.01,0.01,0.01,0.01,0.00,
350.02,-0.01,-0.02,-0.01,-0.00,0.01,-0.01,-0.00,0.01,0.01,0.00,0.01,0.00,
350.44,-0.00,-0.01,-0.01,0.00,0.00,-0.02,-0.00,-0.02,0.01,-0.00,0.01,0.00,
350.87,-0.00,-0.01,-0.01,0.00,0.00,-0.03,0.00,-0.01,-0.01,-0.01,0.01,0.00,
351.30,-0.01,-0.01,-0.02,0.00,0.00,-0.03,0.00,-0.01,-0.01,-0.01,0.01,0.00,
351.73,-0.01,-0.01,-0.01,0.01,-0.00,-0.02,0.00,-0.01,-0.00,-0.00,0.01,0.01,
352.16,0.00,-0.00,-0.02,0.00,-0.01,-0.01,-0.01,-0.01,-0.00,0.00,0.01,0.01,
352.59,0.00,0.00,-0.02,0.00,-0.00,-0.01,-0.01,-0.02,-0.01,0.01,0.01,0.01,
353.02,-0.00,0.00,-0.02,0.00,0.00,0.00,-0.01,-0.02,-0.01,0.00,0.00,0.01,
353.45,-0.00,0.00,-0.01,-0.01,0.01,-0.00,-0.01,-0.01,0.00,0.00,0.00,0.00,
353.88,-0.00,0.00,-0.01,-0.00,0.01,-0.00,-0.00,-0.01,0.01,0.01,-0.01,-0.01,
354.31,0.01,0.01,-0.00,0.00,0.01,0.00,-0.01,-0.01,-0.01,0.00,-0.01,-0.01,
354.73,0.01,0.00,-0.01,0.00,0.00,0.00,-0.01,-0.00,-0.01,0.00,-0.01,-0.01,
355.16,0.01,0.01,-0.01,0.00,-0.00,0.01,-0.02,-0.00,-0.00,0.00,-0.01,-0.01,
355.59,0.00,0.02,-0.01,-0.00,-0.00,0.01,-0.01,-0.01,-0.01,-0.00,-0.01,-0.01,
356.02,-0.00,0.02,-0.01,0.00,-0.00,0.01,-0.02,-0.02,-0.01,-0.01,-0.01,-0.01,
356.45,0.00,0.02,-0.01,0.00,-0.01,0.01,-0.02,-0.02,-0.01,-0.02,-0.01,-0.00,
356.88,-0.01,0.02,-0.02,0.00,-0.00,0.01,-0.01,-0.01,-0.01,-0.02,-0.02,-0.00,
357.31,-0.01,0.02,-0.01,0.00,0.01,0.01,-0.01,-0.01,-0.01,-0.01,-0.02,-0.00,
357.74,-0.00,0.01,-0.00,0.01,0.00,0.02,-0.01,-0.01,-0.01,-0.00,-0.01,-0.00,
358.16,0.01,0.01,-0.01,0.00,0.01,0.01,-0.02,-0.01,-0.00,0.00,-0.02,-0.00,
358.59,0.00,0.02,-0.00,0.00,0.01,0.02,-0.01,-0.01,-0.01,-0.00,-0.02,-0.00,
359.02,-0.00,0.01,0.00,-0.01,0.01,0.01,-0.01,-0.01,-0.00,-0.01,-0.01,-0.01,
359.45,0.01,0.01,0.00,-0.01,0.01,-0.00,-0.00,-0.01,-0.00,-0.00,-0.01,-0.02,
359.88,0.01,0.01,0.00,-0.00,0.01,-0.00,0.00,-0.01,-0.02,-0.01,-0.01,-0.01,
360.31,0.01,0.01,-0.00,-0.00,0.00,-0.00,0.00,-0.01,-0.03,-0.01,-0.01,-0.00,
360.73,0.01,0.00,-0.01,-0.00,-0.00,-0.01,0.00,-0.00,-0.02,-0.01,-0.01,-0.01,
361.16,0.00,0.01,-0.01,-0.00,-0.00,0.00,-0.00,-0.00,-0.01,-0.01,-0.01,-0.00,
361.59,-0.00,0.01,-0.01,0.01,0.01,-0.00,-0.01,-0.01,-0.02,-0.01,-0.01,-0.00,
362.02,-0.01,0.01,-0.00,0.00,0.01,-0.01,0.00,-0.01,-0.02,-0.02,-0.01,0.00,
362.45,-0.00,0.01,-0.01,-0.01,0.00,-0.02,0.01,-0.01,-0.01,-0.01,-0.02,0.00,
362.88,-0.00,0.00,0.00,-0.01,0.02,-0.01,0.01,0.00,-0.01,-0.01,-0.02,-0.01,
363.30,0.00,-0.01,0.00,-0.01,0.02,-0.01,0.01,0.00,-0.00,0.01,-0.01,-0.01,
363.73,0.01,-0.01,-0.00,-0.01,0.00,-0.02,0.00,0.00,0.00,0.01,-0.01,-0.01,
364.16,0.01,-0.00,0.00,-0.02,0.01,-0.01,0.00,0.01,0.01,0.00,-0.01,-0.01,
364.59,0.00,-0.00,-0.00,-0.02,0.01,-0.01,0.01,0.00,0.00,0.00,-0.00,-0.01,
365.02,0.01,-0.00,-0.00,-0.01,0.00,-0.02,0.01,0.00,0.00,-0.01,-0.00,-0.02,
365.44,0.01,0.00,-0.00,-0.01,0.01,-0.02,0.01,0.01,-0.01,-0.01,-0.01,-0.00,
365.87,0.00,0.00,-0.01,-0.01,0.01,-0.01,0.01,0.00,-0.01,-0.01,-0.00,0.00,
366.30,0.00,-0.00,-0.01,-0.01,0.01,-0.01,0.01,0.00,-0.00,-0.00,0.00,-0.00,
366.73,0.00,0.00,-0.01,-0.01,0.00,-0.01,0.01,-0.00,0.01,0.00,0.00,-0.00,
367.16,-0.00,0.01,-0.01,-0.01,0.00,-0.01,0.00,-0.01,0.00,0.01,0.00,0.00,
367.58,-0.01,0.01,-0.01,-0.01,0.00,-0.01,0.00,-0.01,0.00,0.00,0.00,0.00,
368.01,-0.01,0.00,-0.02,-0.03,-0.00,-0.01,0.01,-0.01,0.00,0.00,-0.00,0.00,
368.44,-0.00,-0.00,-0.01,-0.03,0.00,-0.00,0.01,-0.01,0.01,0.01,-0.00,-0.01,
368.87,0.00,-0.01,-0.00,-0.02,0.00,0.00,0.01,-0.01,-0.01,0.01,0.00,-0.01,
369.29,0.02,-0.01,-0.01,-0.02,-0.00,-0.00,0.00,-0.01,0.00,0.01,0.01,-0.01,
369.72,0.02,-0.00,-0.01,-0.01,-0.01,0.00,0.00,-0.00,0.01,0.01,0.00,-0.00,
370.15,0.01,-0.00,-0.01,-0.01,-0.00,0.01,0.00,-0.01,0.01,0.01,0.01,-0.01,
370.58,0.00,-0.00,-0.01,0.00,-0.01,0.00,0.00,-0.02,-0.00,0.00,0.01,-0.01,
371.00,0.00,0.00,-0.01,0.00,-0.02,-0.00,0.00,-0.02,-0.01,-0.00,0.00,-0.00,
371.43,-0.00,0.00,-0.02,-0.00,-0.01,-0.01,0.00,-0.01,-0.01,0.00,0.00,0.00,
371.86,-0.01,-0.00,-0.01,0.00,-0.01,0.00,0.00,-0.00,-0.00,0.01,0.00,-0.01,
372.29,0.00,-0.00,-0.01,0.00,-0.01,-0.00,-0.00,-0.00,-0.00,0.01,0.00,-0.01,
372.71,0.01,0.01,-0.01,0.01,-0.01,-0.01,-0.02,-0.00,-0.00,0.02,0.00,-0.01,
373.14,0.00,0.00,-0.01,0.00,-0.01,0.01,-0.02,-0.00,-0.00,0.01,0.00,-0.00,
373.57,-0.00,0.00,-0.01,-0.01,-0.00,0.01,-0.01,-0.00,0.00,0.01,0.00,-0.01,
374.00,0.01,-0.00,-0.00,-0.00,-0.00,0.00,-0.00,0.00,0.01,0.01,0.00,-0.02,
374.42,0.01,-0.01,0.00,0.00,0.00,0.00,-0.00,0.00,-0.00,0.00,0.01,-0.03,
374.85,0.00,-0.01,-0.00,0.00,-0.00,-0.00,-0.01,0.00,-0.00,0.01,0.01,-0.02,
375.28,0.00,-0.00,-0.01,0.00,-0.01,-0.00,-0.01,0.01,0.01,0.01,0.01,-0.02,
375.70,-0.00,0.00,-0.01,0.00,-0.01,0.00,-0.01,0.00,0.00,-0.00,0.00,-0.02,
376.13,-0.01,0.00,-0.00,0.01,-0.01,0.00,-0.02,-0.01,-0.01,-0.01,0.01,-0.03,
376.56,-0.01,0.00,-0.01,0.01,-0.01,-0.00,-0.02,-0.01,-0.01,-0.02,0.01,-0.02,
376.99,-0.01,0.00,-0.02,0.01,-0.01,-0.01,-0.02,0.00,-0.01,-0.02,0.00,-0.02,
377.41,-0.01,0.00,-0.01,0.00,-0.00,0.00,-0.02,0.00,-0.01,-0.01,0.00,-0.03,
377.84,-0.01,-0.01,-0.00,0.00,-0.01,0.00,-0.02,-0.00,0.00,-0.01,0.01,-0.03,
378.27,0.01,-0.01,-0.01,0.01,-0.01,-0.01,-0.02,-0.01,0.00,-0.00,0.00,-0.02,
378.69,0.00,-0.00,-0.01,0.01,-0.01,0.01,-0.03,-0.01,0.01,-0.01,0.00,-0.03,
379.12,-0.01,-0.01,-0.00,-0.00,-0.01,0.00,-0.02,-0.01,0.01,-0.02,0.01,-0.03,
379.55,-0.00,-0.02,0.00,0.01,-0.01,-0.02,-0.01,-0.02,0.00,-0.02,0.01,-0.04,
379.97,-0.00,-0.01,0.00,0.01,-0.01,-0.02,-0.01,-0.01,-0.01,-0.03,0.00,-0.03,
380.40,-0.01,-0.02,-0.00,0.01,-0.01,-0.02,-0.02,-0.01,-0.01,-0.02,0.00,-0.02,
380.83,-0.01,-0.01,-0.00,0.01,-0.02,-0.02,-0.01,-0.00,-0.00,-0.02,0.01,-0.02,
381.25,0.00,-0.00,-0.00,0.01,-0.02,-0.02,-0.01,-0.01,-0.00,-0.02,0.00,-0.02,
381.68,-0.01,0.00,0.00,0.02,-0.01,-0.02,-0.02,-0.01,-0.00,-0.02,0.00,-0.01,
382.11,-0.01,0.00,-0.00,0.02,-0.02,-0.01,-0.01,-0.01,-0.00,-0.02,0.00,-0.01,
382.53,-0.01,-0.00,-0.01,0.00,-0.02,-0.02,-0.01,-0.00,0.00,-0.01,0.00,-0.00,
382.96,-0.01,-0.00,-0.00,0.01,-0.01,-0.02,-0.00,0.01,0.01,-0.00,-0.00,-0.01,
383.39,-0.01,-0.02,0.00,0.01,-0.01,-0.02,0.00,0.00,0.01,0.00,0.01,-0.01,
383.81,0.00,-0.01,-0.00,0.01,-0.02,-0.02,-0.00,-0.00,0.01,0.01,0.01,-0.01,
384.24,0.01,-0.00,0.00,0.00,-0.02,-0.02,-0.01,0.00,0.01,0.01,0.00,-0.01,
384.67,-0.00,-0.01,0.00,0.00,-0.01,-0.01,0.00,-0.00,0.01,0.00,0.01,-0.01,
385.09,-0.01,-0.00,0.00,0.01,-0.02,-0.01,0.00,-0.01,0.01,-0.00,0.01,-0.02,
385.52,-0.00,0.00,0.00,0.01,-0.03,-0.01,0.01,-0.00,-0.00,-0.01,0.01,-0.01,
385.95,-0.01,0.01,-0.00,0.01,-0.02,-0.01,0.01,0.01,-0.00,-0.01,0.01,-0.00,
386.37,-0.01,0.01,-0.00,0.01,-0.02,-0.01,0.01,0.00,0.00,0.00,0.01,-0.01,
386.80,-0.00,0.01,-0.00,0.01,-0.03,-0.01,0.01,-0.00,0.01,0.00,0.01,-0.01,
387.22,-0.01,0.01,0.00,0.01,-0.03,-0.01,0.00,-0.01,0.01,0.01,-0.00,-0.01,
387.65,-0.01,0.01,0.00,0.00,-0.02,-0.01,-0.00,-0.01,0.01,0.01,-0.00,-0.00,
388.08,-0.02,0.01,0.00,-0.01,-0.02,-0.01,0.01,-0.01,0.01,0.00,0.00,-0.01,
388.50,-0.01,0.00,0.01,-0.02,-0.01,-0.02,0.01,-0.00,0.01,0.01,-0.00,-0.02,
388.93,-0.01,-0.00,0.01,-0.02,-0.00,-0.01,0.01,0.00,-0.00,0.01,-0.00,-0.01,
389.36,0.00,-0.01,0.02,-0.02,-0.01,-0.01,0.00,0.00,0.00,0.02,-0.00,-0.02,
389.78,0.00,0.00,0.02,-0.02,-0.01,-0.01,-0.00,0.01,0.00,0.01,-0.00,-0.02,
390.21,-0.01,0.01,0.02,-0.02,-0.01,-0.00,-0.01,0.01,0.01,0.00,-0.01,-0.02,
390.63,-0.02,0.01,0.01,-0.01,-0.01,-0.00,-0.01,-0.00,0.00,-0.01,-0.01,-0.02,
391.06,-0.02,0.01,0.02,-0.01,-0.01,-0.01,-0.01,-0.00,0.00,-0.01,-0.01,-0.01,
391.49,-0.02,0.01,0.00,-0.01,-0.01,-0.02,-0.00,0.01,0.00,-0.00,-0.01,-0.01,
391.91,-0.02,0.01,0.01,-0.01,0.00,-0.01,-0.00,0.01,0.01,0.01,-0.02,-0.01,
392.34,-0.01,-0.00,0.01,-0.01,0.00,-0.01,-0.01,0.00,0.02,0.01,-0.01,-0.01,
392.76,0.00,0.00,0.01,-0.01,-0.00,-0.02,-0.02,0.00,0.02,0.02,-0.01,-0.01,
393.19,-0.01,0.01,0.01,-0.01,0.01,-0.01,-0.02,0.00,0.02,0.01,-0.01,-0.01,
393.61,-0.01,0.00,0.01,-0.02,0.01,-0.01,-0.01,0.00,0.03,0.01,-0.01,-0.01,
394.04,-0.01,-0.00,0.01,-0.01,0.01,-0.01,-0.00,-0.01,0.03,0.01,-0.00,-0.02,
394.47,-0.00,0.00,0.02,-0.01,0.01,-0.01,-0.01,0.00,0.01,0.00,-0.01,-0.02,
394.89,-0.00,0.00,0.01,-0.00,0.00,-0.01,-0.02,0.00,0.01,0.01,-0.01,-0.01,
395.32,-0.01,0.00,0.01,0.00,-0.01,-0.00,-0.01,0.00,0.02,0.01,0.00,-0.02,
395.74,-0.01,0.01,0.00,0.01,-0.02,-0.00,-0.01,-0.01,0.02,-0.00,-0.00,-0.01,
396.17,-0.01,0.02,0.01,0.01,-0.01,-0.00,-0.01,-0.02,0.02,-0.01,-0.00,-0.01,
396.59,-0.02,0.01,-0.00,0.01,-0.01,-0.01,-0.00,-0.02,0.01,-0.01,-0.00,-0.00,
397.02,-0.02,0.00,-0.01,-0.00,-0.01,-0.01,0.01,-0.02,0.02,-0.00,-0.00,0.00,
397.45,-0.02,-0.00,-0.00,0.00,0.00,-0.00,0.01,-0.00,0.01,-0.00,-0.00,-0.00,
397.87,-0.01,-0.02,0.00,-0.00,-0.00,-0.00,0.01,-0.01,0.02,0.00,-0.00,-0.00,
398.30,0.00,-0.02,-0.01,-0.00,-0.01,-0.01,0.00,-0.01,0.03,0.01,0.00,-0.01,
398.72,0.00,-0.01,-0.01,-0.01,-0.01,0.00,-0.00,-0.00,0.02,0.01,0.00,-0.01,
399.15,-0.01,-0.01,-0.01,-0.01,-0.00,0.01,0.01,-0.00,0.02,-0.00,0.01,-0.01,
399.57,-0.01,-0.01,0.00,-0.00,-0.01,0.00,0.01,-0.00,0.02,-0.00,0.00,-0.02,
400.00,-0.00,-0.00,0.00,0.00,-0.02,0.00,0.01,0.01,0.01,-0.01,0.01,-0.01,
400.42,-0.00,-0.00,-0.00,0.00,-0.01,-0.00,0.01,0.02,0.00,-0.01,0.01,-0.01,
400.85,0.00,-0.00,-0.00,-0.00,-0.02,-0.00,0.02,0.02,0.01,0.00,0.01,-0.01,
401.27,0.01,-0.00,-0.00,-0.01,-0.03,0.00,0.02,0.02,0.02,-0.01,0.02,-0.00,
401.70,0.01,0.01,0.00,-0.01,-0.02,-0.00,0.01,0.01,0.01,-0.01,0.01,-0.00,
402.12,-0.01,0.01,0.00,-0.01,-0.02,-0.00,0.01,0.01,0.01,-0.01,0.01,0.00,
402.55,-0.01,0.01,-0.01,-0.03,-0.01,-0.01,0.02,0.02,0.01,-0.01,0.01,-0.00,
402.97,0.00,0.01,0.01,-0.02,0.00,-0.01,0.02,0.03,0.01,-0.00,0.01,-0.00,
403.40,0.00,0.01,0.01,-0.02,0.00,-0.01,0.01,0.03,0.00,-0.01,0.01,-0.01,
403.82,0.02,0.01,0.01,-0.02,-0.01,-0.02,0.01,0.02,0.01,0.00,0.01,-0.01,
404.25,0.02,0.01,0.01,-0.03,-0.01,-0.01,-0.00,0.04,0.01,-0.00,0.01,-0.01,
404.67,0.00,0.03,0.00,-0.03,-0.00,-0.00,-0.00,0.03,0.00,-0.01,0.01,-0.01,
405.10,0.00,0.03,0.00,-0.01,-0.01,-0.01,0.00,0.01,-0.01,-0.02,0.01,-0.02,
405.52,0.00,0.03,0.00,-0.01,-0.01,-0.01,0.00,0.02,-0.01,-0.02,0.00,-0.01,
405.95,0.00,0.03,-0.01,-0.01,-0.00,-0.02,-0.01,0.02,-0.01,-0.01,0.00,-0.01,
406.37,-0.00,0.02,-0.01,-0.01,-0.01,-0.01,-0.00,0.01,-0.01,-0.01,0.00,-0.01,
406.80,-0.00,0.01,-0.02,-0.02,-0.01,-0.01,-0.01,-0.00,0.00,-0.00,0.01,-0.01,
407.22,-0.00,0.02,-0.02,-0.01,-0.02,-0.01,-0.03,-0.01,-0.00,0.01,0.01,-0.01,
407.65,-0.02,0.02,-0.03,-0.00,-0.01,-0.01,-0.02,-0.01,-0.00,-0.01,0.00,-0.01,
408.07,-0.01,0.01,-0.03,-0.02,-0.01,-0.01,-0.01,-0.02,0.01,-0.00,0.01,-0.01,
408.50,-0.00,0.00,-0.02,-0.02,0.00,-0.02,-0.01,-0.01,0.02,0.00,0.00,-0.02,
408.92,0.00,0.00,-0.02,-0.01,0.00,-0.01,-0.02,-0.02,0.00,-0.00,0.00,-0.02,
409.35,0.01,0.00,-0.02,-0.01,-0.01,-0.01,-0.02,-0.02,0.00,0.00,0.01,-0.02,
409.77,0.01,-0.00,-0.01,-0.01,-0.02,-0.01,-0.02,-0.01,0.01,0.00,0.01,-0.02,
410.20,-0.00,0.01,-0.02,-0.01,-0.02,0.00,-0.03,-0.01,0.01,-0.01,0.01,-0.03,
410.62,-0.01,0.01,-0.01,-0.00,-0.02,-0.01,-0.03,-0.03,0.00,-0.02,0.01,-0.03,
411.04,-0.01,0.00,-0.01,-0.00,-0.02,-0.01,-0.02,-0.04,0.00,-0.03,0.01,-0.02,
411.47,-0.02,0.00,-0.03,-0.02,-0.01,-0.02,-0.01,-0.02,0.00,-0.02,0.00,-0.00,
411.89,-0.02,-0.00,-0.03,-0.02,0.00,-0.01,-0.01,-0.02,0.01,-0.02,0.01,-0.00,
412.32,-0.01,-0.02,-0.03,-0.02,-0.01,-0.02,-0.01,-0.02,0.02,-0.01,0.01,-0.00,
412.74,0.01,-0.02,-0.03,-0.02,-0.01,-0.03,-0.02,-0.01,0.02,-0.00,0.01,-0.01,
413.17,0.01,-0.01,-0.03,-0.02,0.00,-0.01,-0.03,-0.01,0.02,-0.02,0.00,-0.01,
413.59,-0.01,-0.02,-0.03,-0.03,0.01,-0.01,-0.03,-0.01,0.03,-0.03,0.00,-0.01,
414.02,-0.01,-0.02,-0.03,-0.03,0.01,-0.02,-0.02,-0.00,0.03,-0.03,-0.01,-0.02,
414.44,0.00,-0.00,-0.02,-0.03,0.02,-0.02,-0.02,0.01,0.01,-0.03,-0.01,-0.01,
414.86,0.00,0.00,-0.02,-0.02,0.02,-0.02,-0.03,0.02,0.00,-0.03,-0.00,-0.02,
415.29,0.00,0.00,-0.02,-0.01,0.00,-0.02,-0.02,0.01,0.01,-0.02,0.00,-0.02,
415.71,-0.00,0.01,-0.03,-0.01,0.00,-0.01,-0.02,0.01,0.02,-0.03,-0.01,-0.01,
416.14,-0.01,0.02,-0.03,-0.00,0.02,-0.01,-0.02,0.00,0.01,-0.03,-0.01,0.00,
416.56,-0.02,0.02,-0.02,0.00,0.02,-0.02,-0.01,-0.01,0.02,-0.03,-0.00,-0.00,
416.99,-0.02,0.02,-0.03,-0.01,0.01,-0.03,0.00,0.01,0.03,-0.03,-0.00,0.00,
417.41,-0.01,0.02,-0.02,-0.01,0.03,-0.02,0.00,0.03,0.02,-0.01,-0.00,0.00,
417.83,0.01,-0.00,-0.00,-0.01,0.03,-0.03,-0.01,0.02,0.02,-0.01,0.01,-0.00,
418.26,0.02,-0.01,-0.00,-0.02,0.01,-0.04,-0.01,0.01,0.02,0.00,0.00,-0.01,
418.68,0.02,0.01,0.00,-0.03,0.01,-0.02,-0.02,0.03,0.03,-0.00,-0.00,-0.01,
419.11,-0.00,0.01,0.01,-0.03,0.01,-0.01,-0.01,0.02,0.02,-0.02,-0.01,-0.00,
419.53,-0.01,0.02,0.01,-0.01,0.00,-0.03,0.01,-0.01,0.02,-0.02,0.00,-0.02,
419.95,0.00,0.02,0.02,0.00,0.00,-0.02,0.01,0.01,0.00,-0.03,0.00,0.01,
420.38,0.02,0.02,0.01,0.00,0.00,-0.01,0.01,0.02,-0.01,-0.02,0.01,0.01,
420.80,0.02,0.01,0.01,0.01,-0.01,-0.00,0.02,0.02,-0.00,-0.01,0.01,0.00,
421.23,0.02,0.01,0.01,0.00,-0.02,0.00,0.01,0.01,0.01,-0.01,0.00,0.01,
421.65,0.01,0.01,0.01,0.00,-0.02,-0.00,0.00,0.01,0.01,0.00,0.00,0.00,
422.07,0.00,0.02,0.00,0.00,-0.01,-0.01,0.01,0.00,-0.00,-0.02,0.01,-0.00,
422.50,-0.00,0.01,0.00,-0.02,-0.02,-0.01,0.02,0.01,0.01,-0.01,0.01,0.00,
422.92,0.01,-0.00,0.02,-0.02,-0.00,-0.00,0.02,0.03,-0.01,0.01,0.01,0.00,
423.34,0.03,-0.02,0.02,-0.01,0.01,-0.01,0.02,0.03,-0.03,-0.00,0.01,0.00,
423.77,0.03,-0.03,0.02,-0.02,-0.01,-0.02,0.01,0.03,-0.01,0.01,0.01,-0.01,
424.19,0.03,-0.01,0.02,-0.01,-0.02,0.00,0.00,0.04,0.00,0.02,0.01,-0.01,
424.62,0.01,0.01,0.02,-0.02,-0.01,0.01,0.01,0.04,0.00,-0.00,0.01,0.00,
425.04,0.01,0.01,0.02,0.01,-0.03,0.00,0.03,0.01,-0.01,-0.01,0.01,-0.02,
425.46,0.01,0.01,0.03,0.00,-0.02,-0.00,0.02,0.03,-0.01,-0.01,0.02,-0.00,
425.89,0.00,0.02,-0.00,-0.01,-0.01,-0.01,0.01,0.06,-0.02,0.00,0.03,0.01,
426.31,0.00,0.01,0.00,-0.01,-0.02,-0.01,0.03,0.05,-0.01,0.01,0.01,0.00,
426.73,-0.00,-0.02,0.00,-0.01,-0.02,-0.01,0.02,0.04,0.01,0.02,0.01,-0.01,
427.16,0.01,-0.01,-0.01,-0.01,-0.03,-0.02,-0.01,0.03,0.02,0.04,0.01,-0.01,
427.58,-0.01,-0.00,-0.02,-0.01,-0.02,-0.01,-0.01,0.02,0.01,0.04,0.02,0.00,
428.00,-0.01,-0.01,-0.02,-0.03,-0.01,-0.01,0.00,0.02,0.03,0.02,0.01,-0.01,
428.43,0.00,-0.02,0.00,-0.04,-0.01,-0.02,0.01,0.02,0.02,0.03,0.01,-0.01,
428.85,0.01,-0.01,0.01,-0.03,0.00,-0.03,0.00,0.02,-0.00,0.00,0.01,-0.00,
429.27,0.02,-0.00,0.00,-0.02,-0.02,-0.04,-0.01,0.01,0.01,0.00,-0.01,-0.01,
429.70,0.01,0.02,0.01,-0.02,-0.03,-0.02,-0.01,0.01,0.02,0.01,0.00,-0.02,
430.12,-0.01,0.03,0.00,-0.02,-0.03,-0.01,-0.00,0.00,0.02,-0.01,-0.00,-0.01,
430.54,-0.01,0.04,-0.01,-0.01,-0.02,-0.02,0.01,-0.02,0.01,-0.02,-0.02,-0.01,
430.97,-0.01,0.04,0.01,0.00,-0.03,-0.02,0.02,-0.02,-0.01,-0.02,-0.02,-0.01,
431.39,-0.02,0.03,-0.01,-0.02,-0.02,-0.02,0.02,-0.00,-0.02,-0.02,-0.01,0.00,
431.81,-0.01,0.02,-0.01,-0.03,0.00,-0.01,0.02,0.01,-0.02,-0.01,-0.02,0.00,
432.24,0.00,-0.02,0.01,-0.03,-0.00,-0.01,0.02,-0.00,-0.02,-0.01,-0.03,0.00,
432.66,0.02,-0.01,0.01,-0.03,-0.02,-0.02,-0.01,-0.00,-0.01,0.01,-0.02,-0.02,
433.08,0.02,0.01,0.01,-0.04,-0.01,-0.01,-0.01,-0.00,-0.01,0.00,-0.02,0.00,
433.51,0.00,0.00,0.02,-0.05,0.00,-0.02,0.01,0.00,0.00,-0.02,-0.03,-0.00,
433.93,-0.01,0.01,0.03,-0.04,-0.02,-0.03,0.03,0.00,-0.00,-0.03,-0.03,-0.02,
434.35,-0.00,0.03,0.04,-0.03,-0.01,-0.04,0.01,0.02,-0.02,-0.04,-0.02,-0.01,
434.77,0.02,0.02,0.03,-0.02,-0.01,-0.03,-0.00,0.03,-0.02,-0.03,-0.01,-0.01,
435.20,0.02,0.02,0.02,-0.01,-0.02,-0.01,0.01,0.04,0.01,-0.01,-0.02,-0.02,
435.62,0.00,0.03,0.01,-0.01,-0.02,-0.00,0.00,0.03,0.03,-0.01,-0.02,-0.01,
436.04,0.00,0.03,0.01,0.00,-0.01,0.00,-0.01,0.02,0.02,-0.01,-0.02,-0.01,
436.47,-0.01,0.04,0.00,0.00,-0.01,-0.02,-0.00,0.01,0.01,-0.03,-0.02,-0.00,
436.89,-0.03,0.03,-0.02,-0.03,-0.00,-0.02,0.00,0.03,0.02,-0.02,-0.02,0.01,
437.31,-0.02,0.03,-0.02,-0.03,0.03,-0.02,-0.01,0.04,0.02,-0.01,-0.01,-0.00,
437.73,0.00,0.01,-0.01,-0.02,0.02,-0.02,-0.01,0.03,0.01,-0.00,-0.02,-0.01,
438.16,0.01,0.01,-0.00,-0.02,0.01,-0.03,-0.02,0.02,0.03,0.01,-0.02,-0.02,
438.58,0.02,0.03,-0.01,-0.01,0.01,-0.02,-0.03,0.01,0.04,0.00,-0.02,-0.01,
439.00,-0.01,0.03,-0.01,-0.02,0.01,-0.02,-0.02,-0.01,0.03,-0.02,-0.00,-0.02,
439.43,-0.00,0.02,0.01,0.01,-0.00,-0.03,-0.00,-0.03,0.02,-0.03,0.00,-0.04,
439.85,-0.01,0.04,0.01,0.01,-0.00,-0.03,-0.01,-0.02,0.00,-0.04,0.01,-0.02,
440.27,0.00,0.03,-0.01,0.01,0.00,-0.02,-0.02,-0.00,-0.01,-0.03,0.02,-0.01,
440.69,0.00,0.01,-0.02,0.01,0.00,-0.01,0.00,0.00,-0.01,-0.02,0.01,-0.02,
441.12,0.00,-0.00,-0.02,0.01,-0.01,-0.00,-0.01,0.00,0.01,-0.02,-0.01,-0.02,
441.54,0.02,0.00,-0.01,0.00,-0.02,-0.01,-0.03,-0.02,-0.00,-0.01,-0.01,-0.02,
441.96,0.00,-0.01,-0.02,-0.00,-0.02,-0.02,-0.02,-0.02,-0.02,-0.03,0.00,-0.02,
442.38,0.00,-0.03,-0.02,-0.02,-0.01,-0.03,-0.00,-0.01,-0.01,-0.02,-0.01,-0.01,
442.81,0.02,-0.04,0.00,-0.03,-0.01,-0.03,0.00,0.01,-0.01,-0.01,0.00,-0.01,
443.23,0.03,-0.05,0.01,-0.01,-0.01,-0.02,-0.01,0.01,-0.03,-0.02,0.00,-0.02,
443.65,0.04,-0.06,0.01,-0.01,-0.02,-0.04,-0.01,0.00,-0.01,-0.01,0.00,-0.03,
444.07,0.04,-0.05,0.01,-0.01,-0.02,-0.03,-0.02,0.01,0.00,-0.01,-0.01,-0.02,
444.50,0.02,-0.03,0.01,-0.01,-0.03,-0.02,-0.01,0.00,-0.00,-0.02,0.01,-0.03,
444.92,0.01,-0.02,0.01,0.01,-0.03,-0.03,-0.00,-0.00,-0.01,-0.03,0.01,-0.03,
445.34,0.01,-0.02,0.01,0.01,-0.03,-0.03,0.01,0.01,-0.01,-0.03,-0.01,-0.01,
445.76,-0.01,-0.01,-0.02,0.00,-0.02,-0.03,0.00,0.03,-0.01,-0.01,0.01,0.01,
446.19,0.00,-0.03,-0.02,0.01,-0.01,-0.02,0.01,0.04,-0.01,-0.00,0.01,0.00,
446.61,0.00,-0.05,-0.01,0.01,-0.01,-0.02,0.01,0.04,0.00,0.00,0.02,0.00,
447.03,0.01,-0.04,-0.01,0.01,-0.01,-0.03,-0.02,0.02,0.00,0.02,0.02,0.00,
447.45,-0.01,-0.03,-0.02,0.01,0.00,-0.03,-0.02,0.02,-0.01,0.00,0.03,0.01,
447.87,-0.03,-0.03,-0.02,-0.00,0.01,-0.03,0.00,0.02,0.01,0.00,0.03,0.01,
448.30,-0.02,-0.03,-0.00,-0.00,-0.01,-0.03,0.00,0.02,0.00,0.01,0.03,0.01,
448.72,-0.02,-0.01,-0.01,0.01,-0.00,-0.03,-0.01,0.03,-0.02,-0.01,0.04,0.01,
449.14,-0.01,-0.01,-0.01,0.01,0.00,-0.04,-0.02,0.03,-0.03,-0.00,0.04,0.00,
449.56,-0.01,0.00,-0.00,0.02,-0.02,-0.03,-0.02,0.03,-0.01,0.01,0.04,-0.00,
449.99,-0.03,0.01,0.00,0.01,-0.01,-0.01,-0.03,0.02,0.00,-0.01,0.03,0.00,
450.41,-0.05,0.02,0.00,0.03,-0.01,-0.01,-0.01,0.00,-0.01,-0.01,0.04,-0.01,
450.83,-0.04,0.01,-0.01,0.03,-0.01,-0.01,-0.01,0.00,-0.02,-0.01,0.04,0.00,
451.25,-0.05,0.01,-0.01,0.02,-0.00,-0.01,0.00,0.02,-0.02,-0.01,0.04,0.01,
451.67,-0.03,0.00,0.00,0.01,0.00,-0.01,-0.01,0.01,-0.02,-0.00,0.05,0.00,
452.10,-0.01,-0.02,0.01,0.01,-0.01,0.01,-0.01,0.01,-0.02,-0.00,0.03,-0.01,
452.52,-0.00,-0.02,0.01,0.01,-0.01,-0.01,-0.03,-0.02,-0.01,0.01,0.03,-0.02,
452.94,-0.01,0.01,0.01,0.00,-0.00,-0.00,-0.04,-0.01,-0.01,0.00,0.01,-0.02,
453.36,-0.02,0.01,0.01,-0.01,0.00,0.00,-0.03,-0.03,0.00,-0.03,0.01,-0.03,
453.78,-0.02,0.01,0.03,0.00,-0.02,-0.01,-0.01,-0.04,0.00,-0.02,0.01,-0.04,
454.20,-0.00,0.02,0.04,0.00,-0.01,-0.00,-0.01,-0.02,-0.03,-0.03,0.00,-0.03,
454.63,0.00,0.01,0.03,0.01,-0.01,0.00,-0.01,-0.02,-0.03,-0.02,-0.01,-0.04,
455.05,0.01,0.00,0.04,0.01,-0.02,0.01,0.00,-0.01,-0.00,-0.00,-0.01,-0.05,
455.47,-0.01,0.00,0.02,-0.00,-0.02,0.03,-0.00,-0.02,0.01,0.00,-0.01,-0.05,
455.89,0.01,0.01,0.02,0.00,-0.01,0.03,-0.01,-0.02,0.01,-0.00,-0.01,-0.04,
456.31,0.01,0.01,0.01,0.00,-0.02,0.03,0.00,-0.03,-0.01,-0.02,-0.01,-0.04,
456.74,-0.00,0.00,-0.00,-0.02,-0.01,0.03,0.00,-0.02,0.00,-0.01,-0.01,-0.02,
457.16,0.00,-0.01,0.02,-0.03,0.01,0.03,0.00,0.00,0.00,-0.01,-0.01,-0.03,
457.58,0.02,-0.02,0.02,-0.03,0.02,0.03,-0.02,0.00,-0.02,0.00,-0.02,-0.04,
458.00,0.04,-0.03,0.02,-0.04,0.02,-0.00,-0.02,-0.01,-0.01,0.02,-0.03,-0.05,
458.42,0.03,-0.02,0.02,-0.05,0.02,0.02,-0.02,0.00,0.02,0.02,-0.03,-0.04,
458.84,0.02,0.00,0.01,-0.04,0.02,0.02,-0.00,-0.00,0.02,0.00,-0.03,-0.04,
459.27,0.02,-0.01,0.03,-0.03,0.00,0.02,0.01,-0.04,0.01,-0.01,-0.03,-0.06,
459.69,0.02,0.00,0.03,-0.03,0.00,0.02,0.02,-0.02,-0.00,-0.01,-0.03,-0.02,
460.11,0.00,0.01,-0.00,-0.03,0.00,0.04,0.01,0.01,-0.01,0.00,-0.03,-0.00,
460.53,0.00,-0.01,-0.01,-0.03,0.00,0.05,0.02,0.01,-0.00,0.01,-0.03,-0.02,
460.95,0.00,-0.03,-0.02,-0.03,-0.01,0.05,0.01,0.01,0.01,0.01,-0.03,-0.01,
461.37,0.01,-0.02,-0.04,-0.01,-0.01,0.04,-0.01,-0.01,0.01,0.02,-0.02,-0.01,
461.79,0.01,-0.01,-0.04,-0.01,-0.01,0.02,0.00,-0.01,-0.01,-0.02,-0.01,-0.01,
462.22,-0.01,-0.01,-0.05,-0.04,-0.01,0.01,0.03,-0.00,0.01,-0.02,-0.02,-0.02,
462.64,-0.00,-0.03,-0.03,-0.03,-0.00,0.00,0.02,0.02,0.00,-0.00,-0.02,-0.02,
463.06,0.01,-0.00,-0.00,-0.02,-0.01,-0.00,0.01,0.02,-0.03,-0.01,-0.03,-0.02,
463.48,0.02,-0.02,-0.01,-0.02,-0.03,-0.02,0.00,0.01,-0.02,0.00,-0.04,-0.03,
463.90,0.01,-0.01,-0.02,-0.00,-0.05,0.00,0.00,0.02,0.01,0.00,-0.03,-0.03,
464.32,-0.01,0.02,-0.02,0.00,-0.06,0.02,0.01,0.01,-0.01,-0.02,-0.02,-0.01,
464.74,-0.01,0.04,-0.01,0.02,-0.07,-0.01,0.03,-0.02,-0.03,-0.03,-0.02,-0.04,
465.16,-0.01,0.04,-0.02,0.04,-0.06,0.00,0.03,-0.02,-0.05,-0.05,-0.02,-0.00,
465.59,-0.03,0.03,-0.06,0.03,-0.07,-0.01,0.03,0.01,-0.05,-0.03,-0.02,0.01,
466.01,-0.01,0.02,-0.04,0.04,-0.05,0.00,0.05,0.03,-0.05,-0.01,-0.02,-0.02,
466.43,0.03,-0.01,-0.03,0.03,-0.06,-0.00,0.04,0.01,-0.03,-0.01,-0.02,-0.04,
466.85,0.04,0.00,-0.05,0.04,-0.07,-0.03,-0.01,-0.01,-0.02,0.01,-0.01,-0.05,
467.27,0.05,0.04,-0.03,0.03,-0.05,-0.02,-0.01,-0.03,-0.02,-0.03,-0.01,-0.04,
467.69,0.01,0.04,-0.00,0.00,-0.05,-0.02,0.00,-0.03,-0.00,-0.04,-0.01,-0.04,
468.11,0.00,0.02,0.01,0.02,-0.06,-0.02,0.01,-0.05,0.00,-0.02,-0.00,-0.02,
468.53,0.01,0.02,0.01,0.03,-0.05,-0.02,-0.01,-0.05,-0.04,-0.02,-0.01,-0.01,
468.95,0.03,0.00,0.00,0.04,-0.05,-0.03,-0.03,-0.06,-0.03,-0.02,0.00,-0.02,
469.38,0.04,-0.02,-0.01,0.05,-0.06,0.00,-0.02,-0.05,-0.01,0.01,0.00,-0.03,
469.80,0.03,-0.02,-0.02,0.03,-0.07,0.00,-0.03,-0.06,-0.01,-0.03,0.01,-0.02,
470.22,0.02,0.00,-0.01,0.04,-0.06,-0.02,-0.01,-0.08,-0.02,-0.05,0.01,-0.01,
470.64,0.01,0.01,-0.02,0.05,-0.06,-0.02,0.00,-0.06,-0.03,-0.08,0.02,-0.01,
471.06,-0.04,-0.02,-0.02,0.02,-0.04,-0.02,0.01,-0.04,0.02,-0.08,0.01,0.02,
471.48,-0.04,-0.03,0.05,0.02,0.01,-0.01,0.03,-0.01,0.02,-0.04,0.01,0.03,
471.90,-0.01,-0.08,0.06,0.01,0.02,0.01,0.00,-0.01,0.01,-0.03,-0.01,0.01,
472.32,0.01,-0.08,0.05,-0.02,-0.01,-0.05,-0.06,-0.04,0.04,-0.02,0.00,0.01,
472.74,-0.01,-0.06,0.06,-0.02,0.01,-0.06,-0.05,-0.02,0.04,-0.04,0.01,0.04,
473.16,-0.02,-0.06,0.09,-0.04,0.04,-0.06,0.01,-0.02,0.02,-0.06,0.01,0.06,
473.58,-0.06,-0.09,0.08,0.00,0.00,-0.07,0.03,-0.06,0.01,-0.06,0.00,0.03,
474.01,-0.04,-0.06,0.08,0.02,0.01,-0.06,0.03,-0.03,-0.03,-0.08,0.00,0.08,
474.43,-0.01,-0.06,0.08,0.00,0.02,-0.06,0.01,0.02,-0.05,-0.05,-0.01,0.06,
474.85,-0.01,-0.07,0.08,0.02,0.01,-0.05,0.05,0.05,-0.03,-0.04,-0.01,0.05,
475.27,-0.03,-0.08,0.07,0.01,-0.02,-0.03,0.03,0.05,0.01,-0.05,-0.02,0.03,
475.69,0.01,-0.04,0.05,0.02,-0.02,-0.05,0.01,0.03,0.01,-0.05,-0.01,0.02,
476.11,-0.02,-0.03,0.05,0.02,-0.01,-0.05,0.03,0.01,0.00,-0.07,-0.01,0.03,
476.53,-0.04,-0.03,0.03,-0.02,-0.01,-0.05,0.03,0.03,0.04,-0.06,-0.02,0.03,
476.95,-0.02,-0.05,0.06,-0.03,0.03,-0.03,0.00,0.05,0.03,-0.03,-0.03,0.04,
477.37,0.03,-0.06,0.06,-0.01,0.03,-0.05,-0.03,0.07,-0.01,0.00,-0.03,0.03,
477.79,0.04,-0.08,0.02,-0.03,-0.02,-0.08,-0.08,0.06,0.00,0.03,-0.01,-0.03,
478.21,0.04,-0.06,0.01,-0.01,-0.05,-0.09,-0.08,0.07,0.01,0.03,-0.02,-0.01,
478.63,-0.01,-0.03,0.00,0.00,-0.05,-0.06,-0.05,0.05,-0.02,0.02,-0.03,-0.01,
479.05,-0.03,-0.03,0.01,0.05,-0.10,-0.06,-0.03,0.01,-0.02,0.02,-0.03,-0.04,
479.47,-0.05,-0.02,0.01,0.08,-0.10,-0.05,-0.07,0.01,-0.05,-0.01,-0.03,0.00,
479.89,-0.05,0.00,-0.04,0.07,-0.08,-0.04,-0.10,0.06,-0.07,0.02,-0.01,0.01,
480.31,-0.04,-0.04,-0.03,0.07,-0.07,-0.01,-0.06,0.08,-0.07,0.02,0.01,-0.06,
480.74,-0.01,-0.09,-0.04,0.06,-0.08,0.01,-0.07,0.08,-0.05,0.03,-0.01,-0.08,
481.16,0.02,-0.07,-0.06,0.07,-0.10,-0.01,-0.13,0.05,-0.04,0.08,0.00,-0.09,
481.58,-0.01,-0.04,-0.07,0.05,-0.07,-0.01,-0.09,0.04,-0.06,0.04,-0.01,-0.06,
482.00,-0.06,-0.05,-0.08,-0.01,-0.06,-0.01,-0.04,0.04,-0.03,0.04,-0.01,-0.04,
482.42,-0.01,-0.06,-0.05,0.06,-0.06,-0.01,-0.04,0.04,-0.04,0.06,-0.02,-0.04,
482.84,0.04,-0.06,-0.04,0.06,-0.04,-0.02,-0.04,0.04,-0.11,0.07,-0.01,-0.02,
483.26,0.06,-0.08,-0.03,0.07,-0.08,-0.04,-0.04,0.03,-0.12,0.08,-0.01,-0.03,
483.68,0.07,-0.07,-0.03,0.07,-0.13,-0.01,-0.05,0.04,-0.09,0.07,-0.01,-0.02,
484.10,0.05,-0.04,-0.05,0.08,-0.12,0.00,-0.04,0.01,-0.07,0.02,-0.01,0.00,
484.52,0.05,0.01,-0.01,0.08,-0.12,0.01,0.02,-0.04,-0.08,-0.02,0.00,-0.02,
484.94,0.05,0.02,-0.03,0.08,-0.13,0.01,0.01,-0.02,-0.08,-0.08,0.01,0.01,
485.36,0.03,0.02,-0.07,0.04,-0.10,0.01,0.03,0.01,-0.04,-0.08,-0.01,0.01,
485.78,0.06,-0.01,-0.01,0.04,-0.06,0.04,0.10,0.04,-0.01,-0.05,-0.01,-0.01,
486.20,0.10,-0.07,0.01,0.02,-0.08,0.04,0.09,0.01,0.01,-0.04,-0.03,-0.03,
486.62,0.12,-0.04,-0.04,0.02,-0.08,-0.03,0.02,-0.02,0.06,0.01,-0.04,-0.03,
487.04,0.09,0.01,-0.02,-0.01,-0.04,-0.05,0.02,-0.04,0.07,-0.01,-0.04,0.01,
487.46,0.04,0.01,-0.04,-0.06,-0.04,-0.04,0.06,-0.07,0.08,-0.01,-0.04,0.04,
487.88,0.04,0.04,0.00,-0.01,-0.06,-0.07,0.05,-0.09,0.09,-0.01,-0.04,0.03,
488.30,0.06,0.05,0.04,0.03,-0.04,-0.07,0.04,-0.07,0.01,-0.01,-0.04,0.07,
488.72,0.05,0.04,0.02,-0.02,-0.05,-0.06,0.02,-0.04,-0.01,0.02,-0.01,0.04,
489.14,0.02,0.03,0.02,-0.01,-0.07,-0.03,0.00,-0.02,0.03,0.00,-0.02,0.02,
489.56,-0.02,0.05,0.00,-0.02,-0.07,-0.04,0.00,-0.03,0.08,-0.05,-0.02,0.02,
489.98,0.00,0.07,0.02,-0.02,-0.05,-0.05,0.01,-0.06,0.06,-0.06,-0.02,-0.02,
490.40,-0.03,0.08,0.03,-0.03,-0.07,-0.05,0.02,-0.08,0.05,-0.08,0.00,-0.02,
490.82,-0.06,0.03,0.00,-0.07,-0.05,-0.05,0.02,-0.03,0.10,-0.07,-0.01,-0.01,
491.24,-0.06,-0.01,0.05,-0.06,0.00,-0.05,0.04,-0.01,0.09,-0.02,-0.03,-0.04,
491.66,0.01,-0.04,0.08,-0.06,0.00,-0.08,0.00,-0.02,0.03,0.01,0.01,-0.03,
492.08,0.03,-0.05,0.01,-0.08,-0.04,-0.16,-0.08,-0.02,0.05,0.02,0.03,-0.03,
492.50,0.03,-0.02,0.02,-0.10,-0.05,-0.15,-0.09,-0.03,0.06,-0.02,0.04,-0.02,
492.92,-0.01,-0.01,0.03,-0.11,-0.05,-0.12,-0.04,-0.02,0.04,-0.04,0.03,0.02,
493.34,-0.02,-0.03,0.02,-0.04,-0.13,-0.10,-0.01,-0.05,0.02,-0.06,0.05,0.01,
493.76,-0.03,-0.01,0.05,0.01,-0.11,-0.11,-0.02,-0.02,-0.01,-0.10,0.05,0.05,
494.18,-0.02,-0.01,0.04,-0.02,-0.09,-0.09,-0.04,0.03,-0.03,-0.07,0.04,0.02,
494.60,-0.01,-0.04,0.02,-0.02,-0.09,-0.05,0.02,0.05,0.00,-0.09,0.05,-0.03,
495.02,-0.02,-0.08,0.02,-0.03,-0.09,-0.05,0.00,0.03,0.04,-0.10,0.04,-0.05,
495.44,0.01,-0.05,0.00,-0.02,-0.08,-0.05,-0.01,-0.01,0.05,-0.09,0.04,-0.09,
495.86,0.00,-0.02,-0.01,-0.01,-0.06,-0.02,0.05,-0.01,0.03,-0.09,0.03,-0.09,
496.28,-0.04,-0.05,-0.05,-0.08,-0.05,-0.02,0.06,0.01,0.06,-0.08,0.05,-0.05,
496.70,-0.02,-0.07,-0.02,-0.02,-0.01,-0.02,0.05,0.04,0.05,-0.04,0.03,-0.05,
497.12,0.00,-0.07,0.00,-0.01,0.01,-0.02,0.01,0.05,-0.03,-0.01,0.04,-0.05,
497.54,0.02,-0.09,-0.04,-0.01,-0.02,-0.05,-0.02,0.03,-0.03,0.04,0.05,-0.06,
497.95,-0.02,-0.06,-0.06,0.00,-0.02,-0.02,-0.02,0.02,0.00,0.05,0.05,-0.05,
498.37,-0.05,-0.02,-0.05,-0.01,-0.04,0.01,-0.01,0.01,-0.02,0.02,0.02,-0.05,
498.79,-0.09,0.02,-0.02,0.02,-0.03,0.02,0.03,0.00,-0.05,-0.02,0.02,-0.09,
499.21,-0.11,0.04,-0.02,0.02,-0.04,0.03,0.03,-0.02,-0.06,-0.05,0.02,-0.05,
499.63,-0.16,0.03,-0.01,0.00,0.00,0.03,0.01,0.04,-0.08,-0.03,0.02,-0.05,
500.05,-0.12,0.01,0.01,0.02,0.02,0.06,0.05,0.05,-0.06,-0.03,-0.01,-0.11,
500.47,-0.10,-0.05,-0.01,0.02,-0.01,0.08,0.05,0.05,-0.03,-0.03,0.00,-0.13,
500.89,-0.08,-0.04,-0.01,0.00,-0.05,0.02,-0.04,-0.02,-0.01,0.02,0.00,-0.13,
501.31,-0.10,0.02,0.00,0.01,-0.02,0.03,-0.02,0.02,-0.03,-0.01,0.00,-0.10,
501.73,-0.12,0.01,-0.01,-0.03,-0.02,0.02,0.00,0.01,-0.01,-0.02,0.01,-0.07,
502.15,-0.11,-0.01,-0.01,0.00,-0.04,0.01,-0.02,0.01,0.00,0.00,0.01,-0.04,
502.57,-0.10,0.02,0.02,0.04,-0.01,-0.04,-0.04,0.02,-0.09,0.01,-0.01,0.01,
502.99,-0.08,0.01,-0.01,0.02,-0.03,-0.05,-0.06,0.01,-0.09,0.04,0.00,-0.01,
503.41,-0.06,0.03,-0.04,0.02,-0.06,-0.01,-0.07,0.02,-0.04,0.01,0.01,-0.01,
503.83,-0.09,0.08,-0.05,0.01,-0.05,0.00,-0.06,-0.01,-0.03,-0.03,0.02,0.01,
504.25,-0.08,0.09,0.00,-0.01,-0.04,0.01,-0.04,-0.04,-0.03,-0.06,-0.01,-0.02,
504.67,-0.08,0.09,-0.01,0.00,-0.02,0.03,-0.02,-0.04,-0.03,-0.07,0.00,0.02,
505.08,-0.10,0.06,-0.05,-0.03,-0.01,0.02,-0.03,-0.02,0.00,-0.05,-0.01,0.05,
505.50,-0.04,0.03,0.03,-0.03,0.05,0.02,0.00,0.01,-0.02,-0.01,-0.01,0.01,
505.92,0.01,0.01,0.01,-0.03,0.03,0.02,-0.02,0.00,0.00,0.01,-0.01,-0.01,
506.34,0.04,0.00,-0.03,-0.05,-0.01,-0.05,-0.11,-0.04,0.05,0.03,0.01,-0.01,
506.76,0.03,0.04,-0.01,-0.06,0.01,-0.05,-0.11,-0.06,0.04,-0.01,0.00,0.01,
507.18,0.01,0.04,-0.02,-0.05,0.01,-0.05,-0.07,-0.06,0.04,-0.03,0.01,0.01,
507.60,0.01,0.03,-0.01,-0.02,-0.01,-0.06,-0.05,-0.09,0.03,-0.03,0.01,0.03,
508.02,0.02,0.05,0.03,-0.01,0.00,-0.05,-0.07,-0.08,-0.03,-0.06,0.01,0.07,
508.44,0.04,0.05,0.05,-0.03,0.00,-0.05,-0.07,-0.06,-0.05,-0.03,0.01,0.05,
508.86,0.05,0.04,0.05,-0.03,-0.04,0.03,-0.09,-0.05,0.01,-0.04,0.02,0.01,
509.28,0.04,0.01,0.03,-0.04,-0.06,0.05,-0.08,-0.05,0.03,-0.07,0.01,0.00,
509.70,0.05,0.04,0.05,-0.04,-0.05,0.03,-0.07,-0.08,0.01,-0.09,0.01,-0.03,
510.11,0.04,0.01,0.08,-0.06,-0.06,0.05,-0.04,-0.06,0.01,-0.10,0.00,-0.04,
510.53,0.01,-0.01,0.03,-0.07,-0.03,0.04,-0.03,-0.03,0.06,-0.10,0.02,-0.04,
510.95,0.04,-0.03,0.09,-0.04,0.02,0.03,-0.01,0.02,0.03,-0.06,0.01,-0.06,
511.37,0.09,-0.05,0.11,-0.05,0.03,0.02,-0.03,0.02,-0.02,-0.03,0.01,-0.10,
511.79,0.10,-0.05,0.05,-0.02,0.00,-0.02,-0.09,-0.01,0.03,0.01,0.01,-0.10,
512.21,0.10,-0.03,0.05,-0.01,-0.01,-0.02,-0.09,-0.04,0.03,-0.01,0.05,-0.09,
512.63,0.08,0.00,0.07,0.01,-0.01,0.00,-0.01,-0.04,0.01,-0.03,0.03,-0.08,
513.05,0.06,0.01,0.05,0.02,-0.03,0.03,0.03,-0.08,-0.01,-0.01,0.05,-0.11,
513.47,0.06,0.03,0.09,0.04,0.00,0.03,-0.01,-0.06,-0.02,-0.04,0.05,-0.04,
513.88,0.04,0.02,0.10,0.01,0.01,0.05,-0.04,-0.01,-0.04,-0.02,0.05,-0.05,
514.30,0.05,-0.01,0.08,0.00,0.03,0.07,-0.02,0.03,-0.01,0.01,0.05,-0.10,
514.72,0.06,-0.05,0.04,-0.01,0.01,0.07,-0.01,0.02,0.02,-0.02,0.06,-0.12,
515.14,0.06,-0.04,0.03,0.00,0.03,0.02,-0.01,-0.01,-0.01,-0.01,0.06,-0.13,
515.56,0.03,-0.01,0.03,-0.01,0.05,0.01,0.01,-0.03,-0.01,-0.01,0.08,-0.11,
515.98,-0.01,-0.01,0.01,-0.03,0.08,0.01,0.03,-0.01,0.04,0.02,0.07,-0.09,
516.40,0.00,-0.01,0.01,0.02,0.05,0.01,0.01,0.00,0.04,0.07,0.09,-0.07,
516.82,0.06,0.00,0.04,0.01,0.04,-0.01,-0.01,0.04,-0.05,0.08,0.07,-0.07,
517.23,0.07,0.00,-0.01,0.00,-0.01,-0.03,-0.06,0.00,-0.02,0.10,0.07,-0.10,
517.65,0.07,0.02,-0.03,0.02,-0.06,0.02,-0.07,-0.01,0.01,0.09,0.08,-0.07,
518.07,0.01,0.06,-0.04,0.00,-0.09,0.05,-0.02,-0.04,0.02,0.05,0.06,-0.09,
518.49,-0.01,0.06,-0.03,-0.02,-0.10,0.06,-0.02,-0.05,0.01,0.01,0.04,-0.13,
518.91,-0.01,0.06,-0.02,-0.02,-0.12,0.06,-0.06,-0.04,-0.03,-0.02,0.06,-0.08,
519.33,-0.04,0.03,0.00,-0.08,-0.11,0.05,-0.11,0.01,-0.04,0.00,0.06,-0.03,
519.75,-0.02,-0.02,0.01,-0.07,-0.06,0.06,-0.02,0.03,-0.03,0.00,0.07,-0.09,
520.17,0.02,-0.06,-0.05,-0.08,-0.08,0.05,-0.02,0.03,0.02,0.01,0.05,-0.13,
520.58,0.05,-0.07,-0.08,-0.05,-0.12,-0.03,-0.08,-0.03,0.02,0.04,0.06,-0.12,
521.00,0.02,-0.04,-0.06,-0.06,-0.09,-0.02,-0.07,-0.05,0.03,0.02,0.05,-0.10,
521.42,0.00,-0.05,-0.08,-0.07,-0.11,-0.01,-0.03,-0.05,0.09,0.01,0.04,-0.10,
521.84,0.02,-0.04,-0.05,-0.04,-0.14,-0.01,-0.07,-0.05,0.05,0.02,0.02,-0.09,
522.26,0.05,-0.02,0.00,-0.03,-0.12,-0.02,-0.09,-0.04,-0.03,-0.01,0.04,-0.03,
522.68,0.08,-0.04,0.00,-0.05,-0.09,-0.04,-0.10,-0.04,-0.04,0.02,0.00,-0.05,
523.09,0.06,-0.03,-0.02,-0.02,-0.13,0.00,-0.13,-0.04,0.02,0.01,0.01,-0.03,
523.51,0.02,-0.03,-0.02,-0.01,-0.12,0.00,-0.13,-0.07,0.06,-0.03,0.02,-0.01,
523.93,0.01,-0.01,0.00,0.00,-0.09,-0.01,-0.08,-0.06,0.08,-0.06,0.02,-0.03,
524.35,0.01,-0.02,0.00,0.01,-0.09,-0.01,-0.06,-0.03,0.06,-0.08,0.02,0.00,
524.77,-0.04,0.00,-0.02,-0.06,-0.06,-0.03,-0.05,0.02,0.07,-0.07,0.05,0.04,
525.19,-0.01,-0.02,0.02,-0.05,0.02,-0.03,0.01,0.08,0.06,-0.05,0.02,0.02,
525.60,0.04,-0.05,-0.01,-0.02,0.02,-0.06,0.01,0.07,0.06,-0.02,0.03,-0.02,
526.02,0.07,-0.03,-0.08,-0.02,-0.02,-0.13,-0.06,0.05,0.06,0.02,0.02,-0.04,
526.44,0.06,0.02,-0.06,-0.01,-0.03,-0.11,-0.06,0.02,0.05,0.00,0.03,-0.02,
526.86,0.03,0.03,-0.04,-0.01,-0.02,-0.09,-0.02,0.00,0.08,-0.03,0.02,-0.02,
527.28,0.04,0.06,-0.05,0.05,-0.09,-0.09,-0.03,-0.01,0.06,-0.02,0.02,-0.02,
527.70,0.06,0.07,-0.03,0.05,-0.07,-0.09,-0.03,-0.01,0.01,-0.06,0.02,0.06,
528.11,0.06,0.04,-0.04,0.04,-0.06,-0.10,-0.03,0.01,-0.02,-0.06,0.04,0.01,
528.53,0.08,-0.02,-0.06,0.04,-0.07,-0.04,-0.02,0.04,0.02,-0.06,0.01,-0.04,
528.95,0.07,-0.07,-0.10,0.04,-0.09,-0.02,-0.03,0.05,0.07,-0.09,0.01,-0.06,
529.37,0.09,-0.06,-0.09,0.04,-0.09,-0.06,0.01,0.02,0.06,-0.10,0.02,-0.08,
529.79,0.07,-0.04,-0.10,0.02,-0.08,-0.06,0.05,0.03,0.01,-0.11,0.02,-0.08,
530.21,0.03,-0.06,-0.15,-0.02,-0.06,-0.06,0.06,0.06,0.03,-0.12,0.02,-0.03,
530.62,0.05,-0.09,-0.06,-0.05,0.00,-0.05,0.06,0.07,0.00,-0.08,0.02,-0.02,
531.04,0.08,-0.11,-0.03,-0.02,0.02,-0.06,0.07,0.06,-0.05,-0.03,-0.01,-0.04,
531.46,0.10,-0.13,-0.05,0.01,-0.05,-0.11,0.01,0.02,0.03,0.03,0.01,-0.07,
531.88,0.09,-0.10,-0.07,0.01,-0.07,-0.06,0.00,0.00,0.05,0.02,0.00,-0.04,
532.30,0.02,-0.04,-0.07,-0.01,-0.09,-0.02,0.06,-0.05,0.05,-0.02,-0.02,-0.02,
532.71,0.01,-0.01,-0.03,0.02,-0.10,0.00,0.08,-0.08,0.03,-0.03,-0.01,-0.05,
533.13,-0.01,0.02,-0.01,0.01,-0.09,0.02,0.08,-0.07,-0.03,-0.08,-0.02,0.02,
533.55,-0.02,-0.02,0.00,-0.07,-0.04,0.02,0.06,-0.02,-0.05,-0.07,-0.02,-0.01,
533.97,-0.02,-0.05,0.00,-0.04,-0.04,0.07,0.11,0.04,-0.02,-0.02,-0.02,-0.09,
534.39,-0.02,-0.09,-0.02,-0.04,-0.05,0.11,0.10,0.04,0.04,0.01,-0.05,-0.10,
534.80,0.01,-0.05,-0.03,-0.04,-0.06,0.07,0.08,-0.03,0.06,0.02,-0.02,-0.09,
535.22,-0.03,0.02,-0.02,-0.07,-0.02,0.03,0.12,-0.05,0.03,-0.01,-0.02,-0.08,
535.64,-0.07,0.02,-0.03,-0.08,-0.01,0.03,0.14,-0.06,0.07,0.02,0.00,-0.07,
536.06,-0.07,-0.02,0.01,-0.04,-0.03,0.02,0.15,-0.04,0.05,0.06,-0.03,-0.06,
536.48,-0.02,0.00,0.03,-0.05,-0.02,0.01,0.11,-0.02,-0.03,0.10,-0.01,-0.08,
536.89,0.00,-0.03,-0.02,-0.02,-0.07,-0.02,0.05,-0.04,0.01,0.11,-0.01,-0.12,
537.31,0.01,-0.02,-0.03,0.00,-0.11,0.03,0.01,-0.04,0.06,0.11,0.02,-0.11,
537.73,-0.03,0.02,-0.07,-0.02,-0.09,0.06,0.04,-0.07,0.08,0.04,0.01,-0.08,
538.15,-0.04,0.03,-0.04,0.01,-0.07,0.07,0.07,-0.07,0.09,0.00,0.00,-0.14,
538.56,-0.04,0.01,-0.04,0.02,-0.07,0.05,0.04,-0.02,0.10,-0.03,-0.01,-0.10,
538.98,-0.07,-0.04,-0.05,-0.05,-0.06,0.02,0.01,0.03,0.08,0.00,-0.01,-0.07,
539.40,-0.02,-0.09,-0.01,-0.05,0.00,0.02,0.07,0.10,0.12,0.03,-0.01,-0.12,
539.82,-0.01,-0.13,-0.02,-0.01,0.00,0.01,0.06,0.07,0.12,0.04,0.00,-0.14,
540.24,0.02,-0.11,-0.02,-0.01,-0.01,-0.09,-0.02,0.00,0.14,0.08,-0.01,-0.10,
540.65,0.01,-0.03,0.00,-0.03,0.02,-0.07,0.00,0.00,0.13,0.06,0.01,-0.05,
541.07,-0.03,-0.05,-0.02,-0.02,0.02,-0.09,0.04,0.02,0.15,0.05,0.00,-0.05,
541.49,-0.07,-0.04,0.02,0.04,-0.03,-0.07,0.02,0.00,0.12,0.07,0.00,-0.01,
541.91,-0.03,-0.01,0.05,0.05,-0.02,-0.08,0.00,0.02,0.09,0.07,0.01,0.01,
542.32,0.00,0.00,0.05,0.03,-0.02,-0.07,-0.02,0.04,0.08,0.07,0.01,-0.02,
542.74,-0.02,-0.01,0.02,0.07,-0.04,-0.02,-0.05,0.03,0.13,0.04,0.00,-0.05,
543.16,-0.02,-0.03,0.00,0.07,-0.06,0.01,-0.02,0.00,0.15,0.00,0.01,-0.05,
543.58,-0.02,-0.01,0.00,0.07,0.00,0.01,0.02,-0.02,0.13,-0.02,0.00,-0.07,
543.99,-0.02,-0.03,0.02,0.05,0.00,0.01,0.02,0.02,0.06,-0.03,-0.01,-0.05,
544.41,-0.05,-0.06,0.01,-0.01,0.04,0.01,0.00,0.05,0.04,-0.02,-0.01,-0.01,
544.83,-0.03,-0.08,0.10,-0.03,0.11,0.02,0.05,0.07,0.02,0.00,0.01,-0.02,
545.25,0.03,-0.10,0.09,-0.02,0.12,0.02,0.03,0.08,-0.02,0.01,0.02,-0.06,
545.66,0.05,-0.12,0.03,-0.01,0.08,-0.05,-0.06,0.00,0.01,0.05,0.01,-0.07,
546.08,0.04,-0.08,0.00,-0.04,0.05,-0.04,-0.04,0.03,0.03,0.03,0.01,-0.04,
546.50,0.02,-0.08,0.01,-0.07,0.03,-0.01,-0.01,0.03,0.03,-0.01,0.03,-0.03,
546.92,0.02,-0.08,0.01,-0.03,-0.01,-0.02,-0.03,0.00,0.01,-0.03,0.03,-0.08,
547.33,0.03,-0.08,0.04,-0.03,-0.03,-0.03,-0.06,0.01,-0.04,-0.10,0.03,-0.03,
547.75,0.05,-0.09,-0.01,-0.10,0.00,-0.02,-0.07,0.04,-0.04,-0.09,0.02,-0.06,
548.17,0.05,-0.16,-0.04,-0.11,-0.01,0.03,-0.07,0.06,-0.03,-0.12,-0.02,-0.08,
548.59,0.05,-0.20,-0.10,-0.10,-0.03,0.02,-0.08,0.05,0.01,-0.10,-0.02,-0.08,
549.00,0.06,-0.18,-0.09,-0.13,-0.03,-0.03,-0.04,0.03,-0.02,-0.12,-0.02,-0.08,
549.42,0.02,-0.12,-0.08,-0.14,-0.01,-0.03,-0.02,0.04,-0.03,-0.14,-0.01,-0.08,
549.84,-0.01,-0.14,-0.08,-0.16,-0.02,-0.07,-0.03,0.05,-0.02,-0.11,-0.02,-0.04,
550.26,0.02,-0.14,-0.03,-0.14,-0.03,-0.08,-0.03,0.04,-0.02,-0.07,0.00,-0.06,
550.67,0.08,-0.14,0.00,-0.12,-0.04,-0.11,-0.02,0.04,-0.08,-0.02,0.00,-0.08,
551.09,0.12,-0.15,-0.07,-0.06,-0.06,-0.14,-0.11,0.03,-0.02,0.03,0.00,-0.12,
551.51,0.11,-0.14,-0.09,0.00,-0.09,-0.08,-0.11,0.01,0.04,0.02,0.00,-0.09,
551.93,0.08,-0.09,-0.10,0.00,-0.06,-0.03,-0.07,-0.01,0.05,-0.01,0.01,-0.07,
552.34,0.05,-0.08,-0.08,0.03,-0.03,-0.03,-0.03,-0.06,0.03,-0.03,0.03,-0.08,
552.76,0.03,-0.04,-0.08,0.04,-0.02,0.00,-0.03,-0.04,-0.02,-0.06,0.00,-0.03,
553.18,0.00,-0.04,-0.06,-0.04,0.02,-0.05,-0.02,0.01,0.00,-0.02,0.02,0.03,
553.59,-0.01,-0.08,-0.03,-0.06,0.03,0.00,0.03,0.05,0.03,0.02,0.03,-0.03,
554.01,0.03,-0.13,-0.04,-0.01,0.01,0.01,0.03,0.03,0.06,0.03,0.05,-0.04,
554.43,0.09,-0.09,-0.03,0.00,0.00,-0.03,0.03,-0.02,0.06,0.08,0.07,0.00,
554.85,0.05,-0.03,0.02,-0.01,0.03,-0.04,0.08,-0.03,0.06,0.02,0.09,-0.01,
555.26,0.03,-0.03,-0.03,-0.02,0.05,-0.03,0.08,-0.02,0.10,0.03,0.08,-0.01,
555.68,0.05,-0.05,0.01,0.04,0.00,-0.05,0.05,0.03,0.07,0.08,0.07,0.03,
556.10,0.06,0.01,0.04,0.05,0.02,-0.06,0.03,0.05,0.00,0.07,0.10,0.03,
556.51,0.07,-0.04,0.01,0.05,0.02,-0.04,-0.02,0.08,0.04,0.06,0.10,0.00,
556.93,0.04,-0.02,-0.08,0.08,-0.02,0.01,-0.04,0.08,0.10,0.06,0.13,0.01,
557.35,0.00,0.00,-0.08,0.08,-0.05,0.01,-0.03,0.03,0.10,0.01,0.12,0.03,
557.77,-0.03,0.05,-0.03,0.05,-0.02,-0.03,0.01,0.01,0.09,-0.05,0.13,-0.02,
558.18,-0.08,0.05,-0.03,0.05,-0.05,-0.03,-0.01,0.03,0.05,-0.08,0.15,0.03,
558.60,-0.10,0.03,-0.02,0.01,-0.04,-0.02,-0.04,0.11,0.04,-0.05,0.16,0.05,
559.02,-0.07,-0.01,0.07,0.00,0.03,-0.01,0.00,0.17,0.04,-0.04,0.16,0.00,
559.43,-0.04,-0.04,0.04,0.05,0.02,0.02,0.01,0.17,0.03,-0.02,0.14,-0.06,
559.85,0.04,-0.03,0.01,0.10,0.04,-0.03,-0.07,0.07,0.04,0.03,0.11,-0.06,
560.27,0.00,0.04,-0.01,0.05,0.06,0.02,-0.04,0.05,0.05,0.00,0.10,-0.04,
560.68,-0.09,0.06,-0.04,0.05,0.11,0.03,0.00,0.04,0.08,-0.02,0.07,-0.07,
561.10,-0.08,0.05,-0.04,0.11,0.04,0.04,-0.04,0.00,0.03,0.00,0.06,-0.05,
561.52,-0.07,0.05,-0.04,0.11,0.03,0.04,-0.05,0.00,-0.03,-0.03,0.06,0.05,
561.93,-0.04,0.07,-0.04,0.05,0.04,0.06,-0.08,-0.02,-0.01,-0.01,0.04,0.02,
562.35,-0.04,0.00,-0.06,0.07,0.03,0.11,-0.06,0.01,0.03,0.01,0.04,-0.02,
562.77,-0.05,-0.04,-0.11,0.08,0.00,0.12,-0.02,-0.05,0.06,-0.04,0.03,0.04,
563.19,-0.06,-0.01,-0.04,0.05,-0.01,0.09,0.02,-0.10,0.04,-0.07,-0.01,0.03,
563.60,-0.05,0.01,-0.05,0.02,0.02,0.12,0.04,-0.06,0.01,-0.08,0.00,0.04,
564.02,-0.05,-0.03,-0.10,-0.04,0.01,0.10,0.06,-0.04,-0.01,-0.05,-0.01,0.10,
564.44,-0.02,-0.05,-0.03,-0.04,0.02,0.11,0.10,-0.02,-0.01,-0.03,-0.03,0.06,
564.85,0.02,-0.07,-0.03,-0.01,0.01,0.08,0.13,-0.02,-0.03,0.00,-0.05,0.03,
565.27,0.06,-0.11,-0.10,0.03,-0.05,0.03,0.04,-0.09,0.04,0.05,-0.07,0.00,
565.69,0.06,-0.09,-0.13,0.02,-0.08,0.07,0.00,-0.12,0.04,0.02,-0.06,0.04,
566.10,0.01,-0.06,-0.17,0.01,-0.10,0.08,0.06,-0.08,0.05,-0.04,-0.05,0.04,
566.52,0.02,-0.05,-0.14,0.08,-0.12,0.04,0.05,-0.07,0.02,-0.05,-0.05,0.01,
566.94,0.04,-0.05,-0.10,0.06,-0.14,0.03,0.02,-0.04,-0.05,-0.11,0.01,0.11,
567.35,0.02,-0.05,-0.06,-0.04,-0.10,0.03,0.02,0.04,-0.04,-0.09,0.04,0.10,
567.77,0.05,-0.06,0.01,-0.01,-0.05,0.02,0.06,0.09,-0.03,-0.05,0.03,0.02,
568.19,0.05,-0.12,-0.05,0.01,-0.02,0.03,0.07,0.05,0.03,-0.06,0.05,0.04,
568.60,0.09,-0.06,0.00,0.00,-0.01,-0.03,0.10,-0.02,0.04,-0.10,0.04,0.03,
569.02,0.06,-0.01,0.02,-0.05,0.01,-0.01,0.11,0.01,0.01,-0.09,0.05,0.03,
569.44,0.04,-0.02,-0.02,-0.06,0.04,-0.03,0.14,0.05,-0.01,-0.07,0.07,0.04,
569.85,0.04,-0.02,0.04,-0.02,0.03,-0.08,0.14,0.05,-0.03,-0.05,0.10,0.04,
570.27,0.07,0.01,0.10,0.01,0.03,-0.09,0.10,0.07,-0.06,0.01,0.10,0.01,
570.69,0.10,-0.03,0.02,0.02,0.00,-0.10,0.02,0.07,-0.03,0.06,0.13,-0.03,
571.10,0.09,0.00,-0.03,0.04,0.00,-0.06,0.01,0.05,0.05,0.04,0.13,0.00,
571.52,0.05,0.06,-0.01,0.03,0.00,-0.04,0.03,0.00,0.03,0.01,0.15,0.04,
571.93,0.05,0.09,0.03,0.07,0.01,-0.06,0.07,-0.03,0.03,-0.01,0.13,-0.01,
572.35,0.03,0.09,0.08,0.04,0.00,-0.08,0.05,-0.01,-0.01,-0.03,0.14,0.07,
572.77,0.00,0.10,0.12,-0.07,0.03,-0.09,0.05,0.05,-0.02,0.03,0.16,0.09,
573.18,0.02,0.06,0.18,-0.08,0.08,-0.05,0.11,0.06,0.01,0.08,0.12,0.01,
573.60,0.04,-0.02,0.11,-0.03,0.07,-0.06,0.09,0.05,0.06,0.08,0.11,-0.02,
574.02,0.10,-0.02,0.08,0.00,0.03,-0.12,0.09,-0.03,0.06,0.09,0.11,-0.01,
574.43,0.06,0.02,0.08,-0.07,0.00,-0.08,0.09,-0.01,0.04,0.05,0.11,-0.03,
574.85,0.01,0.01,0.00,-0.05,0.00,-0.09,0.05,0.04,0.06,0.08,0.09,-0.02,
575.27,0.02,0.00,-0.02,0.04,-0.05,-0.11,0.01,0.03,0.01,0.09,0.08,-0.03,
575.68,0.07,0.03,0.04,0.05,-0.04,-0.10,-0.03,0.03,-0.04,0.09,0.06,0.02,
576.10,0.09,0.00,0.02,0.01,-0.02,-0.07,-0.08,0.03,-0.02,0.10,0.04,-0.03,
576.52,0.08,0.01,-0.04,0.04,0.00,-0.04,-0.08,0.05,0.06,0.07,0.01,-0.06,
576.93,0.07,0.01,-0.02,0.05,-0.03,-0.01,-0.06,-0.01,0.09,0.01,0.00,-0.03,
577.35,0.03,0.08,0.04,0.01,-0.02,-0.04,-0.04,-0.03,0.08,-0.04,-0.01,-0.08,
577.76,0.01,0.06,0.04,0.02,0.02,-0.02,-0.02,0.04,0.03,-0.09,-0.01,-0.08,
578.18,-0.06,0.03,0.04,-0.08,0.03,-0.04,-0.03,0.12,0.04,-0.09,-0.01,-0.03,
578.60,-0.04,0.00,0.09,-0.09,0.08,0.00,0.03,0.15,0.07,-0.03,0.00,-0.05,
579.01,0.00,-0.07,0.07,-0.06,0.09,-0.02,0.02,0.14,0.05,-0.04,-0.01,-0.07,
579.43,0.05,-0.10,-0.02,0.00,0.03,-0.09,-0.05,0.11,0.09,-0.02,0.00,-0.08,
579.85,0.08,-0.03,-0.04,-0.01,0.00,0.00,-0.04,0.09,0.09,-0.07,-0.01,-0.02,
580.26,0.02,-0.01,-0.06,-0.06,0.03,0.00,-0.04,0.11,0.12,-0.09,-0.02,-0.02,
580.68,0.03,0.04,-0.02,0.04,0.02,-0.04,-0.03,0.09,0.07,-0.10,-0.02,-0.03,
581.09,0.04,0.05,0.01,0.03,0.00,-0.01,-0.03,0.09,0.01,-0.15,0.01,0.06,
581.51,0.04,0.06,0.08,-0.08,0.01,0.00,-0.07,0.15,0.04,-0.11,0.03,0.02,
581.93,0.04,0.02,0.13,-0.07,0.01,0.00,-0.05,0.18,0.09,-0.10,0.00,-0.06,
582.34,0.02,-0.05,0.07,-0.07,-0.03,0.01,-0.04,0.15,0.14,-0.14,-0.01,-0.06,
582.76,0.03,-0.06,0.10,-0.09,-0.05,-0.01,-0.01,0.10,0.13,-0.16,0.02,-0.04,
583.17,-0.02,0.00,0.12,-0.14,0.00,-0.02,0.04,0.12,0.04,-0.16,-0.01,-0.03,
583.59,0.00,-0.06,0.05,-0.14,0.01,-0.03,0.04,0.14,0.02,-0.15,-0.02,0.00,
584.01,0.00,-0.09,0.05,-0.15,-0.04,-0.04,0.08,0.15,0.00,-0.11,-0.01,-0.01,
584.42,0.08,-0.08,0.05,-0.08,-0.03,-0.04,0.07,0.11,-0.06,-0.06,0.01,-0.03,
584.84,0.14,-0.09,-0.01,-0.01,-0.05,-0.09,-0.03,0.06,-0.03,-0.02,-0.02,-0.09,
585.25,0.16,-0.05,-0.06,0.05,-0.06,-0.03,-0.03,0.02,0.01,-0.04,-0.02,-0.10,
585.67,0.08,0.01,-0.05,0.03,-0.07,0.02,-0.01,0.00,0.02,-0.06,-0.01,-0.08,
586.09,0.04,0.04,-0.01,0.08,-0.03,-0.01,0.02,-0.06,-0.01,-0.05,0.00,-0.18,
586.50,0.03,0.06,0.04,0.10,-0.06,-0.01,-0.02,-0.03,-0.01,-0.07,0.00,-0.10,
586.92,-0.02,0.02,0.05,0.01,-0.04,0.01,-0.03,0.00,0.02,-0.02,0.04,-0.07,
587.33,0.01,-0.02,0.12,0.01,0.03,0.02,0.04,0.05,0.05,0.01,0.00,-0.12,
587.75,0.04,-0.08,0.06,0.09,0.05,0.02,0.05,0.03,0.10,0.00,0.00,-0.13,
588.17,0.07,-0.05,0.03,0.11,0.03,0.00,0.06,-0.02,0.11,0.05,0.02,-0.08,
588.58,0.07,0.03,0.04,0.09,0.03,0.04,0.11,-0.03,0.06,0.02,0.00,-0.05,
589.00,0.02,0.04,-0.03,0.10,0.04,0.00,0.10,0.00,0.07,0.01,-0.04,-0.03,
589.41,0.04,-0.01,-0.04,0.20,-0.01,-0.01,0.09,0.02,0.07,0.06,-0.01,-0.02,
589.83,0.06,0.09,0.02,0.18,-0.02,0.00,0.09,0.03,0.02,0.11,0.00,-0.01,
590.25,0.11,0.09,0.03,0.15,-0.03,0.01,0.02,0.02,0.05,0.14,-0.03,-0.03,
590.66,0.09,0.10,0.00,0.17,-0.01,0.03,0.01,0.04,0.09,0.13,-0.05,-0.06,
591.08,0.03,0.10,0.00,0.15,-0.04,0.07,0.06,0.01,0.08,0.08,-0.06,-0.02,
591.49,-0.01,0.15,0.05,0.10,-0.06,0.04,0.05,-0.01,0.08,0.02,-0.05,-0.04,
591.91,-0.02,0.13,0.08,0.10,-0.06,0.00,0.05,0.02,0.06,-0.05,-0.04,0.00,
592.32,-0.05,0.13,0.08,0.02,-0.01,0.00,0.04,0.08,0.03,-0.04,-0.03,0.06,
592.74,-0.05,0.11,0.12,0.02,0.00,0.01,0.11,0.11,0.03,-0.02,0.00,0.03,
593.16,0.02,0.05,0.11,0.04,0.02,0.00,0.11,0.11,0.06,0.00,-0.06,0.02,
593.57,0.08,0.06,0.02,0.07,-0.02,-0.06,0.08,0.07,0.06,0.04,-0.07,0.02,
593.99,0.06,0.12,-0.01,0.05,-0.03,0.06,0.12,0.03,0.05,0.00,-0.05,0.06,
594.40,-0.01,0.13,-0.03,0.02,-0.04,0.03,0.11,0.04,0.10,-0.06,-0.06,0.06,
594.82,-0.01,0.10,-0.02,0.13,-0.04,0.00,0.09,0.08,0.06,-0.01,-0.06,0.02,
595.23,0.01,0.17,0.05,0.11,-0.03,0.04,0.07,0.08,-0.02,-0.04,-0.02,0.11,
595.65,0.01,0.16,0.07,0.00,0.00,0.04,0.04,0.12,0.00,-0.02,0.00,0.07,
596.07,0.02,0.12,0.05,0.04,0.02,0.04,0.04,0.16,0.07,-0.05,0.02,0.04,
596.48,0.00,0.05,0.01,0.08,0.04,0.05,0.04,0.11,0.10,-0.08,0.01,0.05,
596.90,0.04,0.05,0.02,0.04,0.03,0.03,0.05,0.03,0.07,-0.13,0.05,0.06,
597.31,0.02,0.09,0.04,0.01,0.06,0.01,0.06,0.07,0.02,-0.17,0.06,0.05,
597.73,0.02,0.05,-0.02,0.00,0.07,-0.01,0.06,0.12,0.02,-0.13,0.07,0.09,
598.14,0.05,0.01,0.03,-0.02,0.05,0.02,0.10,0.15,0.01,-0.07,0.08,0.08,
598.56,0.13,-0.02,0.07,-0.02,0.03,0.00,0.12,0.17,-0.01,-0.02,0.06,0.06,
598.97,0.19,-0.03,0.00,-0.02,0.03,-0.04,0.02,0.10,0.03,0.00,0.03,0.01,
599.39,0.19,0.02,-0.04,0.00,0.01,0.03,0.04,0.05,0.03,-0.05,0.03,0.03,
599.81,0.10,0.04,-0.02,-0.02,0.05,0.07,0.03,0.05,0.08,-0.07,0.07,-0.02,
600.22,0.12,0.09,-0.01,-0.01,0.07,-0.04,0.05,0.03,0.03,-0.08,0.06,-0.10,
600.64,0.10,0.12,0.00,0.01,0.06,-0.02,0.04,0.07,-0.05,-0.13,0.09,-0.04,
601.05,0.07,0.10,0.02,-0.12,0.05,-0.03,0.02,0.06,-0.02,-0.08,0.16,-0.01,
601.47,0.09,0.02,0.06,-0.15,0.06,-0.03,0.06,0.08,0.03,-0.05,0.14,-0.12,
601.88,0.14,-0.03,0.01,-0.11,0.04,-0.03,0.06,0.01,0.06,-0.09,0.12,-0.13,
602.30,0.18,-0.02,0.03,-0.06,0.05,-0.02,0.08,-0.07,0.05,-0.12,0.13,-0.14,
602.71,0.15,0.06,0.05,-0.10,0.06,-0.01,0.12,-0.07,0.02,-0.12,0.13,-0.13,
603.13,0.11,0.06,-0.01,-0.07,0.05,-0.03,0.12,-0.03,0.05,-0.09,0.11,-0.10,
603.54,0.15,0.04,0.00,-0.02,0.01,-0.03,0.14,-0.02,0.04,-0.04,0.12,-0.06,
603.96,0.17,0.07,0.05,-0.03,0.00,-0.01,0.15,-0.06,-0.03,0.01,0.12,-0.10,
604.37,0.20,0.08,-0.01,-0.02,0.02,-0.06,0.03,-0.11,0.01,0.07,0.07,-0.15,
604.79,0.19,0.09,-0.05,0.04,0.01,-0.02,-0.01,-0.13,0.05,0.06,0.09,-0.14,
605.21,0.12,0.09,-0.05,0.06,-0.01,0.01,0.04,-0.13,0.03,0.02,0.09,-0.10,
605.62,0.08,0.13,-0.04,0.06,-0.01,-0.02,0.05,-0.14,0.02,0.01,0.11,-0.15,
606.04,0.09,0.14,-0.04,0.04,-0.03,-0.07,0.04,-0.11,-0.05,-0.06,0.11,-0.06,
606.45,0.04,0.07,0.01,-0.02,-0.04,-0.04,0.01,-0.04,-0.07,-0.02,0.11,0.02,
606.87,0.08,-0.01,0.08,-0.07,-0.02,0.01,0.07,-0.04,-0.02,0.03,0.11,0.00,
607.28,0.14,-0.04,0.09,-0.04,-0.01,-0.03,0.07,-0.06,0.03,0.04,0.06,-0.02,
607.70,0.18,-0.03,0.05,0.04,-0.03,-0.05,0.03,-0.11,0.04,0.10,0.07,0.00,
608.11,0.15,0.05,0.05,0.07,-0.05,0.02,0.03,-0.08,0.01,0.10,0.06,0.03,
608.53,0.09,0.09,0.00,0.02,-0.09,-0.01,0.05,-0.04,0.03,0.09,0.04,0.04,
608.94,0.07,0.07,0.05,0.09,-0.07,-0.05,0.03,0.01,0.03,0.12,0.04,0.05,
609.36,0.08,0.14,0.11,0.06,-0.05,-0.04,0.00,0.05,-0.04,0.13,0.04,0.10,
609.77,0.10,0.13,0.11,-0.02,-0.03,-0.02,-0.06,0.06,-0.01,0.16,0.03,0.07,
610.19,0.12,0.09,0.10,0.02,0.00,-0.01,-0.09,0.13,0.07,0.13,0.00,0.08,
610.60,0.09,0.02,0.09,0.04,0.01,0.05,-0.05,0.11,0.09,0.04,0.03,0.11,
611.02,0.05,0.06,0.06,0.03,0.00,0.07,-0.02,0.05,0.09,-0.04,0.05,0.11,
611.43,0.01,0.10,0.07,0.04,0.00,0.07,0.00,0.06,0.08,-0.06,0.04,0.12,
611.85,-0.03,0.09,0.09,0.03,0.02,0.04,0.00,0.12,0.04,-0.03,0.06,0.17,
612.26,-0.05,0.07,0.14,0.03,0.02,0.08,0.05,0.14,0.08,0.00,0.07,0.15,
612.68,0.01,0.10,0.12,0.04,0.02,0.08,0.05,0.12,0.13,0.03,0.06,0.10,
613.09,0.06,0.09,0.04,0.08,0.06,0.01,-0.06,0.06,0.11,0.05,0.04,0.04,
613.51,0.02,0.14,-0.03,0.14,0.04,0.10,-0.04,0.05,0.10,-0.03,0.03,0.04,
613.92,-0.05,0.15,-0.06,0.14,0.04,0.13,0.00,0.05,0.13,-0.08,0.04,0.03,
614.34,-0.07,0.14,-0.04,0.18,0.07,0.07,-0.01,0.07,0.07,-0.07,0.03,0.03,
614.75,-0.05,0.16,0.01,0.19,0.08,0.06,-0.07,0.09,-0.01,-0.11,0.05,0.13,
615.17,-0.05,0.14,0.00,0.09,0.06,0.09,-0.08,0.10,0.00,-0.10,0.07,0.12,
615.58,-0.02,0.05,0.07,0.09,0.04,0.08,-0.09,0.12,0.07,-0.10,0.06,0.07,
616.00,-0.02,0.02,0.01,0.09,0.00,0.08,-0.08,0.05,0.07,-0.14,0.06,0.03,
616.41,-0.04,0.02,0.04,0.10,0.00,0.08,-0.04,-0.05,0.06,-0.15,0.10,0.01,
616.83,-0.09,0.08,0.05,0.07,-0.02,0.05,0.00,-0.02,-0.01,-0.17,0.10,0.00,
617.24,-0.12,0.06,0.06,0.00,-0.01,0.05,0.00,0.03,-0.03,-0.13,0.07,0.01,
617.66,-0.07,0.01,0.08,-0.05,-0.01,0.00,0.02,0.05,-0.06,-0.09,0.06,-0.01,
618.07,-0.02,-0.02,0.08,-0.06,-0.02,-0.02,0.01,0.03,-0.07,-0.05,0.04,-0.04,
618.49,0.05,-0.05,0.03,-0.06,-0.04,-0.05,-0.05,-0.05,-0.06,-0.03,0.02,-0.07,
618.90,0.03,-0.06,0.00,-0.03,-0.03,-0.02,-0.05,-0.09,-0.05,-0.05,0.04,-0.07,
619.32,-0.03,-0.10,-0.03,0.00,-0.06,0.02,0.01,-0.07,0.00,-0.09,0.06,-0.07,
619.73,-0.05,-0.06,-0.01,-0.03,-0.05,-0.03,-0.02,-0.10,-0.06,-0.13,0.06,-0.09,
620.15,-0.04,-0.05,0.04,-0.10,-0.06,-0.08,-0.05,-0.07,-0.11,-0.18,0.06,-0.01,
620.56,-0.07,-0.08,0.08,-0.18,-0.05,-0.08,-0.05,-0.05,-0.06,-0.15,0.09,-0.02,
620.98,-0.07,-0.15,0.10,-0.21,-0.06,-0.06,0.03,-0.02,0.01,-0.11,0.06,-0.09,
621.39,-0.02,-0.16,0.05,-0.17,-0.05,-0.07,0.02,-0.08,0.04,-0.15,0.06,-0.13,
621.80,0.02,-0.15,0.01,-0.16,-0.04,-0.04,0.07,-0.16,0.04,-0.13,0.06,-0.13,
622.22,-0.02,-0.09,0.02,-0.13,0.01,0.01,0.09,-0.13,0.02,-0.14,0.04,-0.12,
622.63,-0.05,-0.07,-0.07,-0.13,0.01,-0.02,0.08,-0.06,0.04,-0.14,0.01,-0.11,
623.05,-0.01,-0.05,-0.03,-0.06,0.00,-0.01,0.07,-0.04,0.02,-0.08,0.01,-0.10,
623.46,0.06,0.00,-0.02,-0.05,-0.01,-0.04,0.08,-0.03,-0.02,-0.06,0.02,-0.09,
623.88,0.07,-0.02,-0.03,-0.08,-0.02,-0.02,0.01,-0.04,0.04,-0.01,0.04,-0.10,
624.29,0.09,-0.02,-0.04,-0.03,-0.03,0.01,-0.02,-0.07,0.10,0.00,0.02,-0.11,
624.71,0.03,-0.04,-0.04,-0.01,-0.03,0.05,0.01,-0.06,0.13,-0.03,0.03,-0.08,
625.12,0.00,-0.01,-0.04,-0.01,-0.03,-0.03,0.05,-0.06,0.12,-0.05,0.02,-0.09,
625.54,-0.04,0.05,0.03,-0.05,-0.03,-0.08,0.00,-0.04,0.08,-0.10,-0.01,-0.02,
625.95,-0.06,0.02,0.05,-0.07,-0.02,-0.09,-0.01,-0.01,0.09,-0.03,0.01,0.03,
626.37,-0.07,-0.01,0.10,-0.05,0.00,-0.02,0.04,0.03,0.09,0.01,0.00,-0.01,
626.78,-0.02,-0.04,0.08,-0.04,0.02,-0.03,0.05,0.01,0.11,0.03,-0.04,-0.04,
627.19,0.06,-0.05,0.07,-0.01,0.01,-0.06,-0.02,-0.04,0.12,0.07,-0.05,-0.03,
627.61,0.01,0.00,0.03,-0.02,-0.01,0.03,0.02,-0.04,0.09,0.04,-0.05,0.05,
628.02,-0.08,0.02,-0.02,0.01,-0.02,-0.02,-0.01,0.00,0.09,0.01,-0.08,0.03,
628.44,-0.09,0.02,-0.01,0.05,-0.06,-0.07,0.00,0.05,0.03,0.04,-0.05,0.02,
628.85,-0.06,0.07,0.02,0.02,-0.08,-0.05,-0.04,0.04,-0.01,0.04,-0.06,0.13,
629.27,-0.07,0.06,0.03,-0.04,-0.05,-0.05,-0.12,0.04,0.00,0.06,-0.05,0.11,
629.68,-0.09,-0.01,0.07,-0.04,-0.03,-0.05,-0.15,0.06,0.03,0.04,-0.09,0.08,
630.10,-0.09,-0.06,0.00,0.02,-0.04,-0.02,-0.11,0.02,0.03,0.00,-0.09,0.09,
630.51,-0.12,-0.08,-0.01,0.02,-0.07,0.02,-0.05,0.00,-0.01,-0.03,-0.06,0.09,
630.92,-0.14,-0.02,0.04,0.01,-0.05,-0.03,-0.08,0.02,-0.05,-0.08,-0.07,0.07,
631.34,-0.11,-0.02,0.05,-0.02,-0.02,0.01,-0.10,0.08,-0.06,-0.07,-0.08,0.08,
631.75,-0.07,-0.04,0.06,-0.02,-0.05,0.04,0.01,0.12,-0.07,-0.03,-0.05,0.09,
632.17,-0.02,-0.07,0.07,0.00,-0.03,0.05,-0.01,0.11,-0.10,0.03,-0.07,0.06,
632.58,0.04,-0.06,-0.03,-0.06,-0.01,-0.02,-0.11,0.06,-0.05,0.06,-0.11,0.01,
633.00,0.03,-0.05,-0.07,-0.01,-0.05,0.06,-0.07,0.02,-0.05,0.02,-0.06,0.04,
633.41,-0.06,-0.05,-0.12,-0.02,-0.04,0.06,-0.04,0.05,-0.04,0.02,-0.06,0.00,
633.82,-0.07,-0.02,-0.08,-0.02,-0.01,0.02,-0.06,0.05,-0.04,0.04,-0.06,-0.10,
634.24,-0.06,0.01,-0.07,-0.02,-0.01,-0.01,-0.07,0.05,-0.08,0.02,-0.06,-0.02,
634.65,-0.10,-0.02,-0.04,-0.10,-0.01,-0.01,-0.12,0.04,-0.05,0.06,-0.03,0.00,
635.07,-0.09,-0.09,0.03,-0.11,0.07,-0.03,-0.10,0.07,-0.01,0.07,-0.03,-0.10,
635.48,-0.07,-0.14,-0.02,-0.08,0.03,-0.05,-0.08,0.04,0.04,0.04,-0.06,-0.13,
635.90,-0.01,-0.12,-0.06,-0.04,0.03,-0.04,-0.02,-0.02,0.05,0.01,-0.05,-0.16,
636.31,-0.06,-0.05,-0.01,-0.04,0.03,-0.02,0.00,-0.02,0.01,-0.02,-0.02,-0.17,
636.72,-0.08,-0.03,-0.05,-0.05,0.06,-0.06,-0.01,0.05,0.04,-0.02,-0.05,-0.16,
637.14,-0.08,-0.05,-0.04,-0.04,0.04,-0.05,0.06,0.06,0.04,0.04,-0.03,-0.11,
637.55,-0.07,-0.03,-0.02,-0.03,0.04,-0.04,0.03,0.04,-0.02,0.07,-0.01,-0.12,
637.97,-0.04,-0.01,-0.05,-0.08,0.02,-0.07,-0.11,0.00,0.02,0.10,-0.02,-0.20,
638.38,-0.02,0.00,-0.08,-0.07,0.00,-0.04,-0.08,0.00,0.10,0.06,0.01,-0.18,
638.80,-0.09,-0.01,-0.07,0.02,-0.03,-0.01,-0.01,0.00,0.10,0.05,0.05,-0.19,
639.21,-0.10,0.02,-0.07,0.02,-0.02,-0.01,0.00,-0.05,0.05,0.03,0.03,-0.25,
639.62,-0.09,0.05,-0.05,0.01,-0.02,-0.05,-0.02,-0.05,0.00,-0.03,0.06,-0.14,
640.04,-0.10,0.05,-0.02,0.03,-0.03,-0.07,-0.02,-0.01,-0.03,0.01,0.07,-0.10,
640.45,-0.09,-0.03,0.06,0.00,-0.01,-0.02,-0.03,0.01,-0.01,0.02,0.06,-0.15,
640.87,-0.02,-0.05,0.05,0.04,-0.02,-0.03,-0.01,-0.04,0.03,-0.05,0.06,-0.17,
641.28,0.04,-0.05,-0.02,0.06,-0.06,-0.05,0.00,-0.08,0.03,-0.02,0.06,-0.15,
641.69,0.02,0.00,-0.02,0.07,-0.04,0.03,0.07,-0.06,0.00,-0.04,0.09,-0.10,
642.11,-0.03,0.00,-0.05,0.04,-0.07,-0.02,0.06,-0.03,0.03,-0.01,0.07,-0.05,
642.52,-0.02,0.02,-0.03,0.07,-0.09,-0.04,0.05,0.03,-0.01,-0.01,0.06,-0.03,
642.94,0.00,0.04,0.02,0.05,-0.10,-0.03,0.02,0.03,-0.06,0.02,0.06,-0.03,
643.35,-0.01,0.03,0.03,-0.01,-0.10,-0.01,-0.04,0.01,-0.03,0.04,0.06,-0.09,
643.76,0.01,-0.03,0.02,-0.01,-0.10,0.00,-0.06,0.02,0.04,0.03,0.04,-0.08,
644.18,-0.01,-0.09,-0.02,0.04,-0.07,0.05,0.00,-0.02,0.07,0.01,0.03,-0.06,
644.59,-0.02,-0.07,-0.02,0.07,-0.08,0.04,0.02,-0.07,0.04,-0.02,0.04,-0.07,
645.01,-0.05,-0.05,0.00,0.01,-0.06,0.03,0.01,-0.08,0.02,-0.07,0.02,-0.02,
645.42,-0.08,-0.04,0.01,-0.02,-0.05,-0.02,-0.01,0.00,0.03,-0.06,0.02,0.03,
645.83,-0.08,-0.06,0.06,-0.02,-0.06,0.01,0.03,0.03,0.05,-0.03,0.02,-0.02,
646.25,-0.05,-0.07,0.07,-0.05,-0.05,-0.01,0.01,0.02,0.05,-0.03,0.02,-0.03,
646.66,0.00,-0.08,0.01,-0.06,-0.05,-0.07,0.01,-0.02,0.06,0.03,0.02,-0.03,
647.07,0.00,-0.05,-0.03,-0.04,-0.05,-0.02,0.03,-0.01,0.05,0.03,0.01,0.00,
647.49,-0.05,-0.03,-0.01,-0.03,-0.06,0.02,0.04,0.02,0.10,0.00,0.01,-0.02,
647.90,-0.06,-0.02,0.00,-0.02,-0.05,-0.05,0.00,0.05,0.10,0.02,-0.01,-0.04,
648.32,-0.08,0.02,0.02,-0.02,-0.05,-0.03,-0.03,0.03,0.05,0.04,0.02,0.02,
648.73,-0.10,0.01,0.04,-0.06,0.01,-0.03,-0.04,0.02,0.05,0.06,0.06,0.01,
649.14,-0.08,-0.02,0.09,-0.07,0.01,-0.01,-0.07,0.00,0.07,0.03,0.04,-0.02,
649.56,-0.05,-0.05,0.04,-0.04,0.00,-0.01,-0.06,-0.04,0.05,-0.01,0.04,0.01,
649.97,-0.03,-0.03,0.05,0.00,-0.01,-0.04,-0.01,-0.08,0.03,-0.03,0.07,0.00,
650.38,-0.06,0.04,0.10,-0.01,-0.01,-0.05,-0.04,-0.04,-0.02,-0.08,0.07,0.01,
650.80,-0.06,0.03,0.08,-0.05,-0.01,-0.07,-0.07,0.02,-0.03,-0.07,0.07,0.04,
651.21,-0.04,0.01,0.12,-0.01,-0.01,-0.04,-0.04,0.07,-0.06,-0.01,0.10,0.05,
651.63,0.00,0.01,0.13,-0.03,-0.01,-0.01,-0.05,0.04,-0.10,0.00,0.12,0.01,
652.04,0.04,0.02,0.09,-0.08,-0.01,-0.05,-0.14,0.02,-0.08,0.05,0.09,-0.01,
652.45,0.05,0.01,0.05,-0.03,-0.01,0.01,-0.11,0.01,-0.04,0.02,0.08,0.02,
652.87,0.02,0.00,0.07,0.00,-0.02,0.03,-0.10,0.01,-0.01,-0.02,0.11,0.04,
653.28,-0.01,0.02,0.10,0.01,-0.02,0.02,-0.11,-0.01,-0.02,-0.02,0.11,-0.01,
653.69,-0.03,0.06,0.08,0.02,-0.03,0.01,-0.12,0.00,-0.05,-0.05,0.11,0.08,
654.11,-0.07,0.03,0.12,-0.04,-0.04,0.02,-0.11,-0.01,-0.08,-0.03,0.17,0.07,
654.52,-0.05,0.00,0.16,-0.05,-0.02,0.02,-0.09,0.01,-0.04,-0.05,0.16,0.02,
654.93,-0.02,-0.06,0.16,-0.03,-0.03,0.01,-0.08,-0.03,0.00,-0.08,0.13,0.00,
655.35,0.05,-0.06,0.09,-0.02,-0.05,0.01,-0.04,-0.04,0.02,-0.07,0.13,0.02,
655.76,0.03,-0.06,0.11,-0.01,-0.02,0.04,0.00,0.01,0.02,-0.11,0.13,0.02,
656.17,-0.02,-0.03,0.06,-0.02,-0.02,0.02,0.01,0.04,0.03,-0.11,0.07,0.05,
656.59,-0.02,-0.02,0.05,0.03,-0.02,0.00,0.05,0.07,-0.01,-0.02,0.07,0.06,
657.00,0.00,-0.02,0.06,0.01,-0.03,-0.01,0.05,0.08,-0.03,0.00,0.08,0.04,
657.42,-0.03,-0.03,0.03,-0.05,-0.04,-0.03,-0.03,0.02,0.03,0.03,0.03,0.02,
657.83,-0.01,-0.05,-0.01,-0.02,-0.04,-0.04,-0.01,0.01,0.07,0.00,-0.03,0.03,
658.24,-0.04,-0.11,-0.02,0.04,-0.08,0.03,0.04,-0.01,0.09,-0.03,0.00,0.03,
658.66,-0.06,-0.09,-0.01,0.05,-0.06,0.03,0.05,-0.02,0.08,-0.07,0.01,-0.04,
659.07,-0.09,-0.07,0.00,0.07,-0.05,-0.02,0.05,0.00,0.03,-0.13,-0.02,0.00,
659.48,-0.11,-0.09,0.03,0.03,-0.03,-0.05,0.06,0.06,0.01,-0.10,0.00,0.05,
659.90,-0.09,-0.14,0.10,-0.02,0.00,0.02,0.12,0.07,0.03,-0.05,0.04,-0.01,
660.31,-0.03,-0.15,0.08,-0.01,-0.01,0.02,0.07,0.04,0.02,-0.06,-0.01,-0.02,
660.72,0.01,-0.18,0.00,-0.01,-0.04,-0.02,0.08,-0.04,0.02,-0.03,-0.04,-0.01,
661.14,0.03,-0.12,-0.05,0.02,-0.07,0.07,0.11,-0.02,0.01,-0.03,-0.05,0.02,
661.55,-0.05,-0.09,-0.05,0.01,-0.05,0.05,0.15,0.02,0.05,-0.03,-0.06,0.03,
661.96,-0.06,-0.03,-0.03,0.04,-0.05,-0.01,0.10,0.05,0.01,0.00,-0.07,0.03,
662.38,-0.06,-0.03,0.00,0.01,-0.07,0.00,0.08,0.07,-0.04,0.05,-0.03,0.05,
662.79,-0.08,-0.03,0.03,-0.08,-0.06,0.02,0.05,0.02,0.01,0.03,0.01,0.00,
663.20,-0.09,-0.08,0.08,-0.07,-0.06,0.05,0.00,-0.04,0.07,0.01,0.00,0.00,
663.62,-0.06,-0.13,0.03,0.00,-0.06,0.05,0.02,-0.04,0.08,-0.08,0.00,0.00,
664.03,-0.03,-0.11,0.07,0.03,-0.05,0.07,0.07,-0.08,0.07,-0.10,0.05,-0.03,
664.44,-0.06,-0.02,0.10,0.03,-0.01,0.04,0.06,-0.04,-0.01,-0.15,0.05,0.00,
664.85,-0.07,-0.02,0.05,-0.03,-0.02,0.02,0.04,-0.01,-0.03,-0.11,0.04,0.05,
665.27,-0.05,-0.03,0.09,-0.04,0.00,0.04,0.09,0.05,-0.04,-0.04,0.05,0.05,
665.68,-0.03,-0.02,0.07,-0.04,-0.02,0.04,0.07,0.02,-0.06,-0.01,0.04,0.02,
666.09,0.00,-0.04,0.05,-0.06,-0.02,-0.03,0.00,0.01,-0.05,0.00,-0.03,0.02,
666.51,0.02,-0.04,0.02,-0.02,-0.02,0.03,0.09,0.02,-0.02,0.00,-0.01,0.03,
666.92,-0.01,-0.01,0.02,-0.01,0.00,0.06,0.10,0.07,0.02,-0.05,-0.02,0.03,
667.33,-0.04,0.02,0.06,0.02,0.01,0.02,0.07,0.10,0.01,-0.07,-0.02,0.02,
667.75,-0.05,0.04,0.08,-0.01,0.00,0.01,0.02,0.08,-0.03,-0.07,0.00,0.07,
668.16,-0.08,0.01,0.08,-0.05,0.02,0.02,-0.01,0.04,-0.02,-0.04,0.04,0.05,
668.57,-0.05,-0.04,0.14,-0.07,0.01,0.02,-0.03,0.03,0.02,-0.04,0.02,0.02,
668.99,-0.01,-0.11,0.12,-0.04,0.00,0.02,-0.03,-0.01,0.03,-0.05,0.01,0.01,
669.40,0.03,-0.09,0.11,0.01,0.01,-0.01,-0.01,-0.02,0.01,-0.04,-0.01,-0.01,
669.81,0.01,-0.05,0.11,-0.01,0.01,0.00,0.01,0.01,-0.01,-0.05,0.00,0.00,
670.23,-0.01,-0.03,0.07,-0.05,0.00,-0.03,-0.02,0.07,0.00,-0.04,-0.03,0.04,
670.64,0.00,-0.07,0.08,-0.03,-0.01,-0.05,0.03,0.07,-0.01,-0.01,-0.01,0.03,
671.05,0.03,-0.06,0.11,-0.05,-0.01,-0.05,0.02,0.06,-0.03,0.03,-0.02,0.01,
671.46,0.03,-0.07,0.10,-0.10,-0.02,-0.05,-0.05,0.01,-0.01,0.03,-0.03,-0.03,
671.88,0.04,-0.06,0.08,-0.06,-0.02,-0.05,-0.04,-0.01,0.04,0.01,-0.04,-0.01,
672.29,0.02,-0.02,0.06,-0.02,-0.01,-0.02,-0.02,-0.01,0.04,-0.02,0.00,0.01,
672.70,0.00,0.00,0.05,-0.02,-0.01,-0.04,-0.02,-0.01,0.03,-0.03,0.00,-0.01,
673.12,-0.03,-0.01,0.06,-0.01,-0.02,-0.05,-0.05,0.01,-0.02,-0.07,0.02,0.02,
673.53,-0.04,-0.02,0.07,-0.05,0.00,-0.05,-0.05,-0.01,-0.04,-0.03,0.05,0.04,
673.94,-0.02,-0.06,0.11,-0.04,-0.01,-0.04,-0.03,-0.02,-0.02,-0.04,0.04,-0.03,
674.35,0.01,-0.08,0.10,-0.03,-0.03,-0.06,-0.02,-0.03,-0.01,-0.04,0.02,-0.05,
674.77,0.03,-0.05,0.04,0.01,-0.02,-0.09,-0.01,-0.05,0.01,-0.02,0.03,-0.05,
675.18,0.04,0.00,-0.01,0.01,-0.01,-0.05,0.01,-0.02,-0.01,-0.04,0.03,-0.04,
675.59,0.02,0.02,-0.03,0.01,-0.01,-0.06,0.04,0.02,-0.02,-0.06,0.04,0.00,
676.01,0.02,0.03,-0.02,0.06,-0.02,-0.05,0.04,0.04,-0.04,-0.01,0.04,0.01,
676.42,0.02,0.05,0.00,0.04,-0.01,-0.04,0.04,0.04,-0.05,0.03,0.06,-0.01,
676.83,-0.01,0.06,-0.01,0.01,-0.02,-0.05,-0.04,0.01,-0.01,0.04,0.05,-0.06,
677.24,-0.01,0.04,-0.01,0.01,-0.04,-0.05,-0.03,0.03,0.04,0.04,0.04,-0.05,
677.66,-0.01,-0.01,-0.04,0.05,-0.04,-0.03,0.02,0.03,0.08,0.03,0.05,-0.04,
678.07,0.01,0.01,-0.02,0.04,-0.04,-0.03,0.02,0.02,0.06,-0.01,0.07,-0.07,
678.48,-0.01,0.00,0.00,0.05,-0.04,-0.04,0.00,0.01,0.02,-0.04,0.06,-0.06,
678.89,-0.01,-0.05,-0.01,0.01,-0.07,-0.05,-0.04,0.02,0.02,-0.03,0.03,-0.03,
679.31,0.00,-0.05,0.03,-0.01,-0.03,-0.05,-0.01,0.05,0.04,0.03,0.02,-0.07,
679.72,0.03,-0.07,0.02,-0.02,-0.06,-0.07,-0.03,0.01,0.05,0.04,0.00,-0.09,
680.13,0.05,-0.07,-0.05,-0.02,-0.04,-0.12,-0.05,0.02,0.06,0.07,-0.01,-0.07,
680.55,0.05,-0.05,-0.05,0.01,-0.05,-0.05,-0.01,0.04,0.08,0.04,-0.01,-0.01,
680.96,0.03,-0.03,-0.06,0.00,-0.05,-0.04,-0.01,0.08,0.10,0.03,-0.01,-0.02,
681.37,-0.01,-0.02,-0.04,0.01,-0.06,-0.07,-0.01,0.09,0.08,0.04,-0.04,-0.01,
681.78,-0.04,-0.01,-0.01,-0.01,-0.06,-0.06,-0.04,0.11,0.07,0.03,-0.06,0.04,
682.20,-0.06,0.00,0.00,-0.06,-0.07,-0.06,-0.08,0.09,0.07,0.06,-0.06,0.04,
682.61,-0.07,-0.02,0.04,-0.07,-0.08,-0.05,-0.09,0.04,0.10,0.04,-0.09,0.04,
683.02,-0.04,-0.08,0.01,-0.02,-0.07,-0.01,-0.06,0.01,0.10,0.00,-0.07,0.08,
683.43,0.01,-0.07,0.01,-0.01,-0.08,-0.01,-0.04,-0.02,0.07,-0.07,-0.07,0.06,
683.85,-0.02,0.00,0.03,-0.02,-0.05,-0.01,-0.05,-0.04,0.03,-0.08,-0.08,0.08,
684.26,-0.07,-0.03,-0.01,-0.03,-0.04,-0.02,-0.06,0.01,0.01,-0.05,-0.08,0.08,
684.67,-0.05,-0.04,-0.01,-0.03,-0.05,-0.03,0.00,0.05,0.01,-0.02,-0.09,0.08,
685.08,-0.03,0.02,0.04,-0.05,-0.02,-0.03,0.02,0.04,-0.03,-0.03,-0.07,0.05,
685.50,-0.02,-0.01,-0.02,-0.09,-0.03,-0.08,-0.02,-0.02,-0.01,0.00,-0.06,0.04,
685.91,-0.02,0.01,-0.06,-0.02,-0.02,-0.02,0.01,0.00,-0.01,-0.04,-0.06,0.08,
686.32,-0.03,0.01,-0.06,-0.01,-0.02,0.01,0.03,0.01,0.00,-0.10,-0.05,0.11,
686.73,-0.05,0.07,-0.02,0.00,0.04,-0.02,0.01,0.00,-0.02,-0.07,-0.07,0.03,
687.15,-0.07,0.07,-0.02,0.00,0.04,-0.03,-0.02,0.01,-0.07,-0.10,-0.06,0.10,
687.56,-0.09,0.06,-0.02,-0.03,0.04,-0.06,-0.04,0.00,-0.06,-0.07,-0.07,0.10,
687.97,-0.06,-0.01,0.05,-0.05,0.03,-0.04,-0.04,-0.05,-0.02,-0.08,-0.03,0.04,
688.38,-0.02,-0.06,0.03,-0.03,0.04,-0.04,-0.02,-0.06,0.01,-0.07,-0.02,0.02,
688.79,0.04,-0.09,-0.03,0.03,0.03,-0.08,0.00,-0.07,0.03,-0.08,0.03,0.01,
689.21,0.03,-0.01,-0.01,0.03,0.06,-0.09,0.00,-0.04,0.00,-0.08,0.00,0.02,
689.62,-0.03,-0.01,-0.05,0.02,0.08,-0.13,0.00,0.01,0.01,-0.04,0.00,0.03,
690.03,-0.01,-0.03,-0.02,0.06,0.05,-0.14,0.03,0.07,-0.02,0.01,0.01,0.04,
690.44,0.03,0.03,0.03,0.04,0.04,-0.15,0.03,0.07,-0.04,0.02,0.03,0.04,
690.86,-0.01,0.03,0.01,-0.02,0.04,-0.15,-0.06,0.03,0.00,0.03,0.04,0.00,
691.27,0.03,0.01,0.00,0.01,0.03,-0.10,-0.08,0.00,0.03,0.03,0.04,0.01,
691.68,-0.01,-0.03,0.01,0.05,0.02,-0.07,-0.05,0.03,0.07,0.01,0.06,0.03,
692.09,0.00,0.01,0.03,0.03,0.02,-0.10,-0.03,0.00,0.08,0.01,0.05,-0.02,
692.50,-0.04,0.02,0.03,-0.01,-0.01,-0.11,-0.04,0.00,0.06,-0.01,0.04,0.00,
692.92,-0.05,-0.02,0.02,-0.04,-0.07,-0.11,-0.07,0.03,0.03,0.02,0.06,0.06,
693.33,-0.03,-0.07,0.10,-0.05,-0.04,-0.09,-0.03,0.07,0.05,0.02,0.07,0.03,
693.74,0.03,-0.08,0.09,-0.06,-0.05,-0.09,0.00,0.03,0.05,0.00,0.07,-0.01,
694.15,0.06,-0.09,0.01,-0.05,-0.05,-0.13,0.03,0.04,0.06,0.03,0.06,-0.03,
694.57,0.06,-0.06,0.00,-0.03,-0.02,-0.06,0.06,0.03,0.06,-0.04,0.08,0.02,
694.98,0.01,-0.02,-0.02,-0.05,-0.03,-0.04,0.09,0.10,0.06,-0.06,0.09,0.01,
695.39,0.02,-0.04,-0.02,-0.04,-0.03,-0.04,0.12,0.13,0.03,-0.02,0.11,0.01,
695.80,0.01,0.01,0.01,-0.04,-0.03,-0.03,0.07,0.13,-0.02,-0.02,0.13,0.05,
696.21,-0.02,0.01,0.00,-0.09,-0.04,0.01,0.00,0.08,0.02,0.01,0.12,0.03,
696.63,-0.02,-0.06,-0.02,-0.09,-0.10,0.02,-0.03,0.01,0.08,0.03,0.10,0.01,
697.04,0.02,-0.14,-0.06,-0.01,-0.12,0.01,0.00,-0.02,0.11,-0.01,0.13,0.03,
697.45,0.06,-0.13,-0.05,0.04,-0.10,-0.01,0.06,-0.03,0.11,-0.04,0.12,0.00,
697.86,0.03,-0.08,-0.02,0.03,-0.12,0.01,0.01,-0.02,0.05,-0.07,0.10,0.04,
698.27,-0.01,-0.07,-0.01,0.02,-0.09,-0.02,-0.02,0.02,0.06,-0.09,0.12,0.09,
698.69,0.00,-0.11,0.09,0.08,-0.03,-0.02,0.04,0.12,0.04,-0.01,0.13,0.07,
699.10,0.02,-0.11,0.09,0.06,-0.03,0.02,0.03,0.09,0.03,0.01,0.14,-0.02,
699.51,0.02,-0.13,-0.02,0.01,-0.07,-0.06,-0.02,0.01,0.05,0.07,0.14,-0.05,
699.92,0.05,-0.08,-0.07,0.07,-0.02,0.01,0.00,0.06,0.07,0.08,0.15,0.00,
700.33,0.00,-0.01,-0.07,0.11,-0.02,0.06,0.01,0.06,0.09,0.06,0.15,0.05,
700.75,-0.05,0.04,-0.04,0.13,-0.04,0.00,-0.01,0.05,0.06,0.06,0.13,0.01,
701.16,-0.11,0.07,-0.02,0.11,0.00,-0.01,-0.06,0.05,0.00,0.04,0.11,0.12,
701.57,-0.16,0.06,0.00,0.05,-0.04,-0.05,-0.11,-0.01,0.02,0.08,0.05,0.06,
701.98,-0.14,-0.04,0.02,0.00,-0.07,-0.01,-0.12,-0.04,0.08,0.06,-0.01,-0.02,
702.39,-0.11,-0.10,-0.04,0.00,-0.07,-0.04,-0.10,-0.05,0.07,-0.04,-0.01,0.01,
702.80,-0.02,-0.10,-0.02,0.09,-0.02,-0.05,-0.01,-0.04,0.06,-0.10,-0.05,0.01,
703.22,-0.06,-0.04,0.05,0.06,-0.04,-0.04,0.01,0.02,-0.02,-0.15,-0.07,0.04,
703.63,-0.10,-0.01,0.00,0.02,-0.02,-0.07,-0.04,0.06,-0.05,-0.14,-0.06,0.11,
704.04,-0.09,-0.02,0.04,0.07,-0.02,-0.14,0.06,0.12,-0.07,-0.10,-0.05,0.06,
704.45,-0.05,-0.02,0.02,0.00,-0.04,-0.14,0.02,0.10,-0.16,0.00,-0.06,-0.01,
704.86,-0.04,-0.03,-0.06,-0.10,-0.08,-0.15,-0.09,0.01,-0.11,0.05,-0.09,-0.04,
705.27,-0.01,-0.04,-0.14,-0.08,-0.08,-0.16,-0.08,-0.03,-0.06,0.01,-0.09,0.08,
705.69,0.01,-0.06,-0.13,0.00,-0.05,-0.11,-0.04,-0.04,-0.08,-0.04,-0.06,0.06,
706.10,-0.01,-0.08,-0.06,0.00,-0.08,-0.13,-0.05,-0.09,-0.09,-0.06,-0.10,-0.01,
706.51,-0.08,-0.09,-0.05,-0.03,-0.08,-0.17,-0.08,-0.06,-0.15,-0.11,-0.15,0.08,
706.92,-0.06,-0.13,0.00,-0.12,-0.09,-0.19,-0.08,-0.09,-0.15,-0.06,-0.18,0.05,
707.33,-0.05,-0.22,0.09,-0.09,-0.08,-0.15,-0.10,-0.09,-0.13,-0.05,-0.17,-0.06,
707.74,0.06,-0.23,0.04,-0.04,-0.10,-0.14,-0.09,-0.10,-0.09,-0.09,-0.12,-0.03,
708.16,0.14,-0.21,0.03,0.00,-0.08,-0.26,-0.06,-0.10,-0.06,-0.09,-0.04,-0.03,
708.57,0.17,-0.13,0.09,0.07,-0.05,-0.17,-0.01,-0.05,-0.05,-0.17,-0.03,-0.04,
708.98,0.07,-0.05,0.04,0.03,-0.04,-0.22,-0.03,0.00,0.00,-0.14,-0.04,-0.03,
709.39,0.05,0.01,0.01,0.07,-0.07,-0.20,0.00,0.07,-0.05,-0.04,0.00,-0.03,
709.80,0.01,0.03,0.05,0.03,-0.11,-0.16,-0.01,0.12,-0.07,0.03,-0.01,-0.05,
710.21,0.00,0.04,0.03,-0.09,-0.11,-0.08,-0.13,0.04,0.01,0.05,-0.05,-0.09,
710.63,0.04,0.00,-0.01,-0.05,-0.19,-0.01,-0.13,0.01,0.12,0.03,-0.07,-0.05,
711.04,0.05,-0.08,0.03,0.01,-0.17,0.03,-0.03,-0.01,0.17,-0.07,0.00,-0.03,
711.45,0.08,-0.05,0.15,0.03,-0.13,0.03,0.03,-0.01,0.15,-0.12,0.00,-0.11,
711.86,0.03,0.01,0.15,0.03,-0.15,0.03,0.03,-0.03,0.09,-0.20,-0.05,-0.01,
712.27,0.01,0.03,0.19,-0.04,-0.22,0.01,-0.01,0.04,0.07,-0.15,0.00,0.09,
712.68,0.08,-0.01,0.29,-0.07,-0.23,0.03,0.00,0.14,0.08,-0.10,0.03,-0.01,
713.09,0.11,0.01,0.19,-0.07,-0.20,0.05,-0.03,0.11,0.11,-0.12,0.03,-0.07,
713.51,0.16,-0.03,0.07,-0.15,-0.25,0.03,-0.05,0.04,0.14,-0.05,0.04,-0.04,
713.92,0.15,0.00,0.08,-0.08,-0.22,0.10,-0.03,0.10,0.12,-0.08,0.05,-0.04,
714.33,0.07,0.01,0.03,-0.03,-0.21,0.14,-0.03,0.11,0.12,-0.04,0.04,-0.04,
714.74,0.01,0.06,-0.01,-0.01,-0.21,0.14,-0.03,0.10,0.06,0.03,0.07,-0.06,
715.15,0.00,0.01,0.01,-0.03,-0.22,0.13,-0.07,0.10,-0.06,0.10,0.08,0.00,
715.56,-0.07,-0.06,0.00,-0.07,-0.18,0.15,-0.24,0.04,0.03,0.10,0.03,-0.04,
715.97,-0.01,-0.10,0.01,-0.13,-0.21,0.15,-0.32,-0.01,0.10,0.06,0.06,-0.08,
716.38,0.04,-0.20,-0.06,-0.01,-0.21,0.10,-0.27,-0.03,0.11,-0.01,0.06,-0.06,
716.80,0.11,-0.17,-0.04,0.07,-0.16,0.04,-0.21,-0.04,0.07,-0.08,0.08,-0.06,
717.21,0.07,-0.10,-0.06,0.07,-0.13,0.10,-0.26,-0.04,-0.04,-0.14,0.01,-0.03,
717.62,0.00,-0.10,-0.13,0.07,-0.16,0.04,-0.30,0.04,-0.06,-0.10,0.00,0.01,
718.03,-0.01,-0.11,-0.04,0.10,-0.16,0.03,-0.20,0.17,-0.06,-0.03,0.03,-0.03,
718.44,0.01,-0.10,-0.04,0.09,-0.09,0.00,-0.21,0.13,-0.09,-0.04,0.00,-0.16,
718.85,0.03,-0.07,-0.11,0.04,-0.06,-0.03,-0.29,0.06,-0.07,0.01,0.01,-0.17,
719.26,0.07,-0.09,-0.16,0.11,-0.07,0.00,-0.20,0.04,-0.09,0.00,0.00,-0.07,
719.67,0.03,-0.14,-0.09,0.20,-0.06,0.01,-0.13,0.07,-0.04,-0.04,-0.01,-0.06,
720.08,0.00,-0.04,-0.06,0.19,-0.04,0.00,-0.13,0.00,-0.11,-0.07,-0.03,-0.10,
720.50,-0.03,0.00,0.00,0.13,-0.09,-0.03,-0.13,0.00,-0.17,-0.13,-0.04,0.03,
720.91,-0.03,-0.04,0.03,0.01,-0.09,-0.09,-0.17,-0.03,-0.14,-0.07,-0.14,-0.03,
721.32,0.01,-0.10,0.07,-0.01,-0.10,0.01,-0.16,-0.03,-0.07,-0.09,-0.11,-0.10,
721.73,0.14,-0.11,0.01,-0.03,-0.11,-0.04,-0.06,-0.14,-0.07,-0.13,-0.11,-0.13,
722.14,0.19,-0.16,0.01,0.06,-0.06,-0.14,0.06,-0.17,-0.06,-0.16,-0.11,-0.11,
722.55,0.19,-0.09,0.06,0.07,-0.01,0.00,0.07,-0.14,-0.12,-0.17,-0.09,-0.07,
722.96,0.07,-0.04,0.00,0.04,0.01,0.03,0.07,-0.12,-0.13,-0.13,-0.06,-0.06,
723.37,0.07,-0.01,0.01,0.14,0.00,-0.06,0.13,-0.04,-0.14,-0.06,0.00,-0.09,
723.78,0.09,0.07,0.09,0.09,0.00,-0.03,0.09,-0.06,-0.16,0.01,0.00,-0.10,
724.19,0.07,0.06,0.00,0.01,-0.01,-0.03,-0.07,-0.17,-0.12,0.09,0.03,-0.17,
724.61,0.04,0.01,-0.04,-0.03,-0.06,-0.04,-0.03,-0.19,-0.01,0.07,0.04,-0.13,
725.02,0.04,-0.12,-0.03,0.04,-0.09,0.03,0.01,-0.22,0.04,0.03,0.07,-0.10,
725.43,0.09,-0.09,0.00,0.01,-0.12,0.03,0.06,-0.22,0.06,0.00,0.07,-0.21,
725.84,0.03,0.00,-0.01,0.00,-0.16,-0.01,-0.01,-0.19,-0.03,-0.06,0.06,-0.16,
726.25,0.01,-0.03,-0.07,-0.07,-0.18,-0.04,-0.04,-0.12,-0.06,0.00,0.06,-0.15,
726.66,0.07,-0.06,0.06,-0.09,-0.18,0.01,-0.07,-0.03,0.00,0.00,0.07,-0.21,
727.07,0.09,-0.05,0.09,-0.09,-0.17,0.03,-0.05,-0.08,0.05,0.03,0.11,-0.23,
727.48,0.15,-0.06,0.02,-0.14,-0.15,-0.11,-0.05,-0.11,0.05,0.11,0.11,-0.14,
727.89,0.12,-0.02,0.03,-0.05,-0.17,0.00,0.05,0.00,0.06,0.00,0.15,-0.11,
728.30,0.06,0.06,-0.03,-0.05,-0.18,0.06,0.05,0.08,0.06,0.05,0.14,-0.05,
728.71,0.03,0.11,-0.03,-0.05,-0.25,-0.02,0.08,0.11,0.00,0.09,0.18,-0.11,
729.12,0.03,0.15,0.03,-0.08,-0.26,-0.09,0.09,0.14,-0.05,0.12,0.19,-0.09,
729.54,-0.06,0.11,0.08,-0.25,-0.29,-0.09,-0.05,0.06,-0.03,0.14,0.17,-0.09,
729.95,0.00,0.03,-0.03,-0.26,-0.30,-0.08,-0.08,0.05,0.05,0.14,0.16,-0.09,
730.36,0.08,-0.06,-0.06,-0.19,-0.23,-0.06,0.03,0.05,0.11,0.06,0.20,-0.09,
730.77,0.24,-0.05,-0.08,-0.09,-0.22,-0.05,0.06,0.02,0.03,-0.03,0.22,-0.14,
731.18,0.16,0.08,-0.06,-0.11,-0.14,-0.08,0.02,0.03,-0.05,-0.11,0.20,-0.08,
731.59,0.05,0.09,-0.13,-0.17,-0.08,-0.11,-0.06,0.05,-0.11,-0.05,0.19,-0.03,
732.00,0.10,0.11,0.00,-0.10,-0.02,-0.14,0.05,0.16,-0.08,0.03,0.21,-0.05,
732.41,0.11,0.16,-0.05,-0.17,-0.03,-0.13,0.02,0.14,-0.06,0.05,0.22,-0.05,
732.82,0.17,0.13,-0.17,-0.24,-0.05,-0.22,-0.02,0.05,-0.05,0.16,0.22,-0.08,
733.23,0.18,0.13,-0.27,-0.13,-0.06,-0.16,0.06,0.08,-0.06,0.05,0.29,0.00,
733.64,0.11,0.08,-0.21,-0.02,0.00,-0.06,0.11,0.10,0.03,0.00,0.29,-0.02,
734.05,0.02,0.14,-0.16,-0.05,0.08,-0.08,0.10,0.03,-0.06,0.05,0.30,-0.11,
734.46,-0.03,0.13,-0.11,-0.06,0.06,-0.08,0.08,0.03,-0.10,0.02,0.31,-0.03,
734.87,-0.15,0.02,-0.05,-0.15,0.06,-0.10,0.03,-0.05,-0.06,0.05,0.23,-0.05,
735.28,-0.08,-0.06,-0.05,-0.15,0.08,0.00,-0.02,-0.11,-0.02,0.00,0.21,-0.11,
735.69,0.03,-0.10,-0.13,-0.10,0.03,0.02,0.02,-0.16,0.06,-0.06,0.21,-0.10,
736.10,0.05,-0.10,-0.07,-0.05,0.05,-0.07,0.11,-0.26,0.05,-0.16,0.23,-0.08,
736.51,-0.02,0.00,-0.05,-0.02,0.07,0.08,0.08,-0.26,-0.05,-0.23,0.18,-0.03,
736.93,-0.18,0.03,-0.08,-0.03,0.05,0.02,0.08,-0.23,-0.03,-0.21,0.20,0.00,
737.34,-0.16,0.03,0.02,0.03,0.05,0.05,0.21,-0.10,-0.05,-0.13,0.21,0.02,
737.75,-0.11,0.10,0.15,0.05,0.03,0.10,0.18,-0.13,-0.13,-0.11,0.21,-0.05,
738.16,-0.07,0.02,0.03,-0.05,0.02,0.12,0.03,-0.26,-0.07,-0.03,0.21,-0.08,
738.57,-0.07,-0.08,0.00,0.02,0.02,0.12,0.08,-0.25,0.02,-0.16,0.18,-0.03,
738.98,-0.15,-0.18,-0.02,0.08,0.08,0.21,0.20,-0.20,0.12,-0.23,0.18,-0.07,
739.39,-0.13,-0.15,0.08,0.07,0.12,0.17,0.18,-0.25,0.05,-0.25,0.17,-0.20,
739.80,-0.17,-0.10,0.05,0.05,0.03,0.13,0.17,-0.20,-0.08,-0.33,0.10,-0.07,
740.21,-0.17,-0.12,0.12,0.00,0.00,0.08,0.15,-0.15,-0.05,-0.18,0.08,-0.03,
740.62,-0.12,-0.17,0.27,-0.02,-0.02,0.10,0.12,-0.18,-0.02,-0.20,0.08,-0.13,
741.03,0.00,-0.17,0.17,0.02,-0.05,0.07,0.12,-0.22,0.02,-0.25,0.13,-0.10,
741.44,0.07,-0.17,0.13,-0.02,-0.03,-0.08,0.13,-0.23,0.07,-0.30,0.12,-0.05,
741.85,0.05,-0.15,0.13,0.05,0.03,0.05,0.18,-0.17,0.02,-0.32,0.08,-0.02,
742.26,-0.03,-0.08,0.05,0.03,0.03,0.08,0.12,-0.02,-0.05,-0.30,0.03,-0.02,
742.67,0.00,-0.03,0.05,0.03,0.00,-0.07,0.20,0.10,-0.08,-0.27,0.03,-0.02,
743.08,0.03,0.02,0.10,-0.03,0.05,-0.03,0.12,0.08,-0.19,-0.19,0.00,-0.03,
743.49,-0.02,-0.02,0.03,-0.15,0.00,-0.05,-0.05,-0.03,-0.12,-0.12,-0.02,-0.08,
743.90,0.02,-0.15,-0.03,-0.24,-0.10,-0.10,-0.05,-0.03,0.00,-0.17,-0.02,-0.02,
744.31,-0.02,-0.26,-0.07,-0.15,-0.10,-0.12,0.05,-0.07,0.05,-0.22,-0.02,-0.02,
744.72,0.12,-0.20,0.00,-0.09,-0.07,-0.10,0.10,-0.14,-0.02,-0.17,0.02,-0.10,
745.13,0.07,-0.05,0.03,-0.09,-0.12,-0.10,0.05,-0.14,-0.19,-0.29,-0.03,0.03,
745.54,0.00,-0.05,-0.10,-0.12,-0.14,-0.12,-0.02,-0.07,-0.17,-0.21,0.00,0.10,
745.95,-0.02,-0.03,0.07,-0.03,-0.10,-0.10,0.00,-0.07,-0.12,-0.16,0.00,0.00,
746.36,0.05,-0.03,0.02,-0.05,-0.10,-0.12,-0.03,-0.16,-0.12,-0.19,0.00,0.00,
746.77,0.14,-0.05,-0.14,-0.16,-0.12,-0.22,-0.03,-0.17,-0.05,-0.10,0.02,0.00,
747.18,0.10,-0.02,-0.14,-0.09,-0.14,-0.16,0.07,-0.16,-0.03,-0.21,-0.03,0.00,
747.59,0.00,-0.05,-0.09,0.00,-0.17,-0.03,0.07,-0.07,-0.03,-0.16,-0.09,0.00,
748.00,-0.02,0.07,-0.10,-0.02,-0.23,-0.09,0.09,-0.02,-0.09,-0.10,-0.10,-0.09,
748.41,-0.05,0.07,0.00,-0.09,-0.24,-0.14,0.12,0.00,-0.07,-0.03,-0.03,-0.03,
748.82,-0.16,0.04,0.07,-0.16,-0.23,-0.11,-0.04,-0.12,-0.07,0.02,-0.02,-0.07,
749.23,-0.14,-0.07,0.09,-0.19,-0.28,-0.09,-0.04,-0.19,0.09,0.00,-0.02,-0.05,
749.64,-0.07,-0.16,0.04,-0.11,-0.32,-0.12,0.02,-0.19,0.19,-0.07,-0.04,-0.07,
750.05,0.04,-0.12,0.05,0.04,-0.23,-0.16,0.11,-0.18,0.19,-0.09,0.04,-0.12,
750.46,-0.02,0.00,0.12,-0.02,-0.16,0.02,0.05,-0.16,0.05,-0.19,0.04,-0.05,
750.87,-0.12,0.05,0.07,-0.09,-0.18,-0.07,-0.04,-0.05,0.05,-0.18,0.02,-0.05,
751.28,-0.12,0.00,0.18,0.04,-0.12,-0.11,0.00,-0.02,0.09,-0.07,0.00,-0.09,
751.69,-0.04,0.11,0.27,-0.04,-0.09,-0.09,-0.04,-0.05,0.04,-0.04,0.02,-0.07,
752.10,0.05,0.05,0.18,-0.18,-0.07,-0.13,-0.14,-0.11,0.07,0.05,-0.02,-0.11,
752.51,0.07,0.00,0.11,-0.16,-0.07,-0.09,-0.11,-0.09,0.07,0.05,-0.05,-0.09,
752.92,0.02,-0.05,0.14,-0.04,-0.02,0.00,-0.04,-0.02,0.13,-0.02,-0.05,-0.07,
753.33,0.04,-0.02,0.20,0.00,0.02,-0.02,-0.09,0.05,-0.02,0.04,-0.04,-0.18,
753.74,0.00,0.02,0.16,-0.05,0.05,-0.09,-0.11,0.07,-0.04,0.04,0.04,-0.18,
754.15,-0.02,-0.09,0.24,-0.09,0.09,-0.16,-0.22,0.02,-0.04,0.07,0.11,-0.18,
754.56,0.04,-0.18,0.29,-0.09,0.15,-0.09,-0.31,-0.05,0.00,0.04,0.11,-0.25,
754.96,0.18,-0.24,0.22,-0.05,0.04,-0.11,-0.24,-0.05,0.09,-0.05,0.16,-0.29,
755.37,0.26,-0.22,0.20,-0.02,0.07,-0.24,-0.13,-0.05,0.11,-0.07,0.15,-0.33,
755.78,0.27,-0.15,0.24,0.04,0.13,-0.07,-0.13,-0.07,0.02,-0.15,0.18,-0.31,
756.19,0.17,-0.07,0.17,-0.02,0.09,-0.07,-0.15,-0.02,-0.09,-0.15,0.11,-0.29,
756.60,0.15,-0.06,0.18,0.07,0.06,-0.18,-0.04,0.09,-0.13,-0.06,0.15,-0.31,
757.01,0.13,0.02,0.28,0.07,0.09,-0.15,-0.04,0.06,-0.20,0.06,0.17,-0.26,
757.42,0.09,0.00,0.22,-0.09,0.04,-0.07,-0.22,-0.07,-0.17,0.07,0.18,-0.30,
757.83,0.09,-0.13,0.13,-0.06,0.00,-0.04,-0.15,-0.06,-0.09,-0.02,0.11,-0.31,
758.24,0.09,-0.26,0.09,0.06,0.00,-0.02,-0.02,-0.06,0.04,-0.07,0.13,-0.32,
758.65,0.15,-0.20,0.17,0.07,0.00,-0.02,-0.02,-0.15,0.00,-0.17,0.17,-0.41,
759.06,0.09,-0.09,0.11,0.04,0.00,0.00,-0.04,-0.09,-0.09,-0.26,0.19,-0.28,
759.47,0.02,-0.09,0.11,-0.04,-0.02,0.00,-0.06,-0.17,-0.06,-0.17,0.15,-0.24,
759.88,0.04,-0.11,0.28,0.08,0.04,0.02,-0.04,-0.21,0.04,-0.17,0.15,-0.19,
760.29,0.09,-0.09,0.26,0.06,0.06,0.08,0.00,-0.24,0.13,-0.19,0.08,-0.15,
760.70,0.13,-0.08,0.11,0.06,0.06,0.00,0.11,-0.28,0.11,-0.17,0.15,-0.09,
761.11,0.11,-0.06,0.11,0.15,0.13,0.11,0.21,-0.21,0.08,-0.21,0.09,-0.04,
761.52,0.00,0.02,0.09,0.23,0.21,0.23,0.19,-0.17,0.00,-0.21,0.15,-0.02,
761.92,-0.08,0.06,0.08,0.23,0.15,0.09,0.25,0.04,-0.09,-0.11,0.09,-0.02,
762.33,-0.15,0.11,0.15,0.27,0.17,0.04,0.21,0.00,-0.15,0.00,0.11,0.00,
762.74,-0.29,0.06,0.17,0.17,0.15,0.04,0.06,-0.10,-0.06,0.06,0.06,-0.04,
763.15,-0.17,-0.06,0.10,0.15,0.08,0.10,0.02,-0.11,0.10,0.00,0.02,0.00,
763.56,-0.02,-0.15,-0.04,0.23,0.06,0.06,0.15,-0.11,0.15,-0.04,0.11,-0.06,
763.97,0.04,-0.15,0.04,0.31,0.08,0.00,0.17,-0.19,0.15,-0.06,0.10,-0.15,
764.38,-0.04,-0.06,0.06,0.25,0.12,0.10,0.12,-0.15,0.02,-0.17,0.15,-0.02,
764.79,-0.14,-0.02,-0.08,0.19,0.12,0.06,0.02,-0.04,-0.02,-0.10,0.19,0.06,
765.20,-0.16,-0.04,0.06,0.33,0.14,-0.04,0.00,0.04,-0.04,0.00,0.17,0.02,
765.61,-0.10,0.04,0.00,0.27,0.19,-0.08,-0.08,-0.04,-0.06,0.00,0.18,0.02,
766.02,-0.08,-0.04,-0.12,0.10,0.10,-0.08,-0.14,-0.08,-0.02,0.08,0.16,-0.06,
766.43,-0.08,-0.06,-0.18,0.20,0.06,-0.04,-0.10,-0.08,-0.08,0.02,0.22,0.02,
766.83,-0.16,-0.12,-0.12,0.26,0.06,0.06,-0.14,0.04,0.00,-0.02,0.16,0.02,
767.24,-0.12,-0.02,-0.08,0.22,0.12,0.04,-0.14,0.06,-0.08,0.08,0.14,-0.04,
767.65,-0.24,0.00,-0.04,0.12,0.06,0.00,-0.20,0.10,-0.08,0.06,0.10,0.00,
768.06,-0.32,-0.06,-0.04,0.08,0.06,0.00,-0.32,0.00,0.00,0.12,0.14,-0.04,
768.47,-0.26,-0.16,0.02,0.02,0.10,0.10,-0.32,-0.02,0.12,0.04,0.10,-0.08,
768.88,-0.04,-0.22,-0.12,0.04,0.04,0.10,-0.24,-0.12,0.24,-0.06,0.16,-0.06,
769.29,-0.04,-0.22,-0.08,0.10,0.06,0.00,-0.10,-0.18,0.22,-0.18,0.24,-0.08,
769.70,-0.10,-0.12,0.00,0.12,0.12,0.16,-0.16,-0.08,0.12,-0.26,0.18,0.04,
770.11,-0.22,-0.08,-0.06,0.10,0.18,0.12,-0.16,0.04,0.06,-0.30,0.18,0.16,
770.52,-0.18,-0.02,0.02,0.24,0.16,0.04,-0.06,0.16,0.02,-0.16,0.14,0.10,
770.92,-0.16,-0.04,0.14,0.20,0.12,0.10,-0.08,0.16,-0.08,-0.14,0.10,0.04,
771.33,-0.14,-0.04,0.08,-0.02,0.12,0.12,-0.16,0.00,-0.04,0.00,0.08,-0.02,
771.74,-0.12,-0.14,0.04,0.02,0.06,0.14,-0.10,0.04,0.02,-0.04,0.08,0.00,
772.15,-0.04,-0.20,0.02,0.12,0.08,0.18,0.04,0.06,0.12,-0.12,0.08,0.00,
772.56,0.04,-0.12,0.04,0.08,0.08,0.22,0.12,-0.02,0.04,-0.14,0.06,-0.16,
772.97,0.00,-0.04,0.02,0.06,0.02,0.14,0.08,0.00,-0.06,-0.18,0.02,-0.04,
773.38,-0.12,-0.06,0.00,0.06,-0.04,0.12,0.00,-0.02,-0.02,-0.14,0.06,-0.10,
773.79,0.00,-0.12,0.18,0.16,-0.04,0.10,0.02,-0.14,0.04,-0.14,0.06,-0.12,
774.19,0.12,-0.10,0.14,0.14,0.02,0.14,0.04,-0.25,0.04,-0.16,0.08,-0.10,
774.60,0.21,-0.12,0.12,0.21,-0.02,0.00,0.12,-0.27,0.06,-0.21,0.08,0.00,
775.01,0.14,-0.04,0.25,0.25,-0.02,0.10,0.14,-0.21,-0.06,-0.25,0.06,0.04,
775.42,0.08,0.00,0.19,0.29,-0.02,0.15,0.10,-0.10,-0.12,-0.25,0.00,0.06,
775.83,0.00,0.06,0.21,0.33,-0.04,0.06,0.21,-0.04,-0.12,-0.08,0.08,0.04,
776.24,0.02,0.17,0.27,0.27,-0.04,0.00,0.04,-0.08,-0.17,0.04,0.13,0.00,
776.65,-0.19,0.21,0.23,0.08,-0.10,0.02,-0.15,-0.23,-0.06,0.06,0.06,-0.06,
777.05,-0.15,0.17,0.17,0.02,-0.27,0.06,-0.08,-0.19,0.10,-0.04,0.08,0.04,
777.46,-0.13,0.02,0.08,0.15,-0.32,0.04,0.06,-0.11,0.23,-0.17,0.11,0.04,
777.87,-0.02,0.06,0.17,0.25,-0.32,0.06,0.11,-0.17,0.25,-0.21,0.15,-0.04,
778.28,-0.13,0.15,0.17,0.23,-0.30,0.08,0.04,-0.15,0.04,-0.40,0.19,0.13,
778.69,-0.25,0.13,0.21,0.19,-0.30,-0.02,-0.02,-0.04,0.06,-0.25,0.23,0.21,
779.10,-0.25,0.04,0.30,0.34,-0.17,-0.08,-0.04,-0.06,0.15,-0.15,0.19,0.08,
779.50,-0.15,0.09,0.30,0.28,-0.21,-0.09,-0.02,-0.15,0.17,-0.19,0.19,0.19,
779.91,-0.09,0.02,0.09,0.17,-0.19,-0.13,-0.02,-0.09,0.17,-0.11,0.19,0.21,
780.32,-0.09,0.06,0.04,0.17,-0.24,-0.09,0.09,0.09,0.15,-0.15,0.17,0.26,
780.73,-0.15,0.02,0.00,0.13,-0.19,0.06,0.02,0.15,0.24,-0.13,0.24,0.19,
781.14,-0.04,0.06,-0.09,0.04,-0.15,0.00,0.06,0.26,0.15,-0.06,0.24,0.13,
781.55,-0.15,0.06,-0.04,-0.04,-0.15,-0.02,0.02,0.26,0.09,-0.04,0.30,0.06,
781.95,-0.19,0.00,-0.06,-0.17,-0.22,-0.04,-0.09,0.17,0.11,-0.02,0.24,0.00,
782.36,-0.13,-0.19,-0.04,-0.17,-0.32,0.06,-0.04,0.09,0.24,-0.09,0.22,-0.04,
782.77,0.13,-0.28,-0.02,-0.11,-0.35,0.07,0.11,0.11,0.37,-0.20,0.26,-0.04,
783.18,0.22,-0.26,-0.02,-0.02,-0.17,-0.13,0.20,-0.04,0.33,-0.22,0.26,-0.11,
783.59,0.22,-0.11,0.07,-0.02,-0.02,0.09,0.11,-0.11,0.13,-0.33,0.24,-0.04,
784.00,0.09,-0.13,0.00,-0.11,0.07,0.04,0.04,0.02,0.09,-0.26,0.22,0.00,
784.40,0.13,-0.09,0.18,-0.07,0.11,-0.09,0.15,0.18,0.15,-0.13,0.20,-0.02,
784.81,0.22,0.04,0.13,-0.02,0.11,-0.07,0.09,0.09,0.04,-0.15,0.18,-0.04,
785.22,0.29,0.07,-0.02,-0.31,0.00,-0.04,-0.02,0.07,0.02,-0.11,0.13,-0.04,
785.63,0.26,0.00,-0.07,-0.24,0.00,-0.02,0.07,0.11,0.04,-0.13,0.13,-0.02,
786.04,0.22,-0.15,-0.07,-0.18,0.02,0.02,0.13,0.13,0.11,-0.22,0.13,-0.04,
786.44,0.31,-0.13,-0.07,-0.15,0.04,0.00,0.11,0.09,0.11,-0.15,0.11,-0.22,
786.85,0.26,-0.04,-0.07,-0.18,0.07,-0.02,0.13,0.13,-0.02,-0.09,0.07,-0.18,
787.26,0.04,0.00,0.04,-0.22,0.07,-0.18,0.07,0.02,0.02,-0.02,0.22,-0.20,
787.67,0.18,-0.02,0.04,-0.20,0.07,-0.13,0.04,-0.04,0.09,-0.02,0.18,-0.24,
788.08,0.33,-0.09,-0.04,-0.15,0.04,-0.11,0.07,-0.11,0.20,-0.11,0.11,-0.22,
788.48,0.42,-0.09,-0.04,-0.13,0.13,-0.27,0.24,-0.13,0.13,-0.16,0.13,-0.13,
788.89,0.31,-0.09,-0.04,-0.04,0.11,-0.09,0.16,-0.11,-0.11,-0.20,0.13,-0.09,
789.30,0.20,-0.02,-0.07,0.07,0.09,0.00,0.07,0.02,-0.11,-0.13,0.09,-0.04,
789.71,0.18,0.02,-0.05,0.14,-0.05,-0.11,0.18,0.18,-0.11,0.02,0.11,-0.02,
790.12,0.20,0.11,0.00,0.16,-0.09,-0.20,0.14,0.18,-0.25,0.09,0.14,-0.05,
790.52,0.11,0.02,-0.16,-0.11,-0.14,-0.07,-0.14,0.00,-0.25,0.14,0.18,-0.14,
790.93,0.16,-0.14,-0.18,-0.23,-0.30,-0.09,0.02,0.02,-0.12,0.09,0.16,-0.18,
791.34,0.19,-0.30,-0.14,-0.07,-0.28,0.02,0.19,0.02,0.05,0.05,0.23,-0.25,
791.75,0.28,-0.28,-0.07,-0.07,-0.26,0.00,0.07,-0.05,0.05,0.02,0.21,-0.40,
792.15,0.23,-0.02,-0.12,-0.12,-0.33,0.02,0.02,-0.02,-0.14,0.00,0.26,-0.28,
792.56,0.05,0.00,0.00,-0.19,-0.35,0.00,-0.09,-0.07,-0.19,0.07,0.31,-0.19,
792.97,0.05,-0.05,0.19,-0.05,-0.33,0.02,-0.12,-0.17,0.00,-0.05,0.35,-0.17,
793.38,0.17,-0.07,0.09,-0.07,-0.45,0.17,-0.12,-0.26,0.02,-0.12,0.17,-0.12,
793.78,0.19,-0.07,0.02,0.00,-0.47,0.09,0.00,-0.24,0.09,-0.02,0.14,-0.05,
794.19,0.14,-0.02,0.19,0.07,-0.33,0.17,0.02,-0.09,0.07,-0.17,0.12,0.05,
794.60,0.05,0.05,0.12,0.07,-0.33,0.28,0.00,0.00,0.12,-0.17,0.07,0.09,
795.01,0.09,0.24,0.12,0.00,-0.31,0.24,0.14,0.21,0.02,-0.07,0.02,0.07,
795.42,0.00,0.21,0.19,-0.16,-0.31,0.12,0.12,0.24,-0.02,0.05,0.05,0.05,
795.82,-0.14,0.12,0.21,-0.35,-0.26,0.09,-0.02,0.07,0.02,0.05,0.02,0.07,
796.23,-0.07,0.02,0.16,-0.42,-0.44,0.23,0.05,0.00,0.19,0.02,0.05,0.14,
796.64,0.00,-0.05,0.07,-0.30,-0.42,0.16,0.16,0.02,0.35,0.07,0.00,0.12,
797.05,0.02,-0.05,0.14,-0.14,-0.28,0.11,0.16,0.05,0.34,0.00,-0.05,0.09,
797.45,-0.02,0.11,0.18,-0.14,-0.23,0.32,0.18,0.07,0.16,-0.20,-0.02,0.23,
797.86,-0.16,0.11,0.07,-0.18,-0.23,0.25,0.18,0.18,0.11,-0.11,0.00,0.25,
798.27,-0.18,0.07,0.20,-0.02,-0.09,0.20,0.20,0.25,0.18,-0.11,-0.13,0.18,
798.67,-0.09,0.16,0.11,-0.07,-0.09,0.18,0.18,0.18,0.16,-0.25,-0.20,0.27,
799.08,0.00,0.13,-0.07,-0.27,-0.11,0.11,0.11,0.16,0.07,-0.13,-0.24,0.24,
799.49,0.00,0.04,-0.09,-0.20,-0.07,0.02,0.13,0.27,0.02,-0.20,-0.27,0.24,
799.90,-0.09,-0.07,-0.15,-0.22,-0.04,0.04,0.07,0.29,0.07,-0.31,-0.22,0.29,
800.30,0.11,0.00,-0.22,-0.26,-0.04,0.00,0.09,0.33,-0.04,-0.20,-0.15,0.24,
800.71,0.02,0.00,-0.17,-0.28,-0.13,-0.04,0.02,0.37,-0.13,-0.09,-0.13,0.24,
801.12,-0.06,-0.06,-0.24,-0.28,-0.11,-0.15,-0.17,0.17,-0.02,-0.02,-0.11,0.19,
801.53,0.09,-0.15,-0.24,-0.30,-0.09,-0.11,-0.21,0.06,0.04,-0.09,-0.11,0.15,
801.93,0.28,-0.15,-0.34,-0.30,-0.13,-0.13,-0.15,0.04,0.09,-0.13,-0.04,0.09,
802.34,0.30,-0.21,-0.30,-0.26,0.04,-0.30,-0.09,0.06,0.04,-0.21,-0.06,0.04,
802.75,0.30,-0.11,-0.30,-0.19,0.17,-0.17,-0.13,0.04,-0.02,-0.38,-0.06,0.19,
803.15,0.19,-0.04,-0.40,-0.21,0.17,-0.11,-0.28,0.13,-0.04,-0.36,-0.06,0.23,
803.56,0.11,0.04,-0.23,-0.17,0.17,-0.30,-0.34,0.25,-0.08,-0.17,-0.02,0.15,
803.97,0.15,0.15,-0.19,-0.17,0.23,-0.29,-0.38,0.13,-0.19,-0.13,-0.04,0.17,
804.38,0.17,0.06,-0.29,-0.38,0.15,-0.27,-0.50,0.00,-0.15,0.02,0.06,0.19,
804.78,0.19,-0.06,-0.29,-0.33,0.12,-0.23,-0.37,0.06,-0.06,0.00,0.10,0.12,
805.19,0.19,-0.19,-0.31,-0.14,0.10,-0.14,-0.35,0.12,0.02,-0.08,0.14,0.10,
805.60,0.25,-0.14,-0.31,-0.10,0.16,-0.08,-0.18,0.08,0.02,-0.08,0.16,-0.02,
806.00,0.24,-0.06,-0.24,-0.12,0.12,-0.08,-0.18,0.12,-0.04,-0.02,0.16,-0.06,
806.41,0.02,-0.04,-0.20,-0.14,0.12,-0.16,-0.22,0.04,-0.04,0.02,0.14,-0.12,
806.82,0.04,-0.08,-0.08,-0.06,0.24,-0.12,-0.20,-0.06,0.04,-0.02,0.18,-0.18,
807.22,0.12,-0.02,-0.18,-0.08,0.16,-0.08,-0.10,-0.12,0.12,-0.18,0.16,-0.22,
807.63,0.12,-0.06,-0.18,-0.04,0.12,-0.12,0.02,-0.12,0.14,-0.26,0.16,-0.20,
808.04,0.06,-0.04,-0.12,0.06,0.16,-0.02,0.02,-0.10,0.04,-0.42,0.14,-0.10,
808.44,-0.04,0.02,-0.22,0.14,0.14,0.08,-0.06,0.00,0.04,-0.37,0.12,-0.08,
808.85,-0.02,0.08,-0.14,0.10,0.02,0.02,0.04,0.12,-0.06,-0.22,0.14,-0.08,
809.26,0.00,0.06,-0.06,0.08,-0.06,-0.04,0.02,0.08,-0.14,-0.16,0.16,-0.18,
809.67,-0.02,-0.08,-0.12,-0.02,-0.10,-0.02,-0.06,-0.02,-0.08,-0.16,0.08,-0.19,
810.07,0.08,-0.21,-0.14,-0.06,-0.29,0.04,0.00,-0.06,0.06,-0.17,0.04,-0.14,
810.48,0.12,-0.25,-0.08,0.02,-0.29,0.04,0.14,0.00,0.12,-0.27,-0.02,-0.17,
810.89,0.12,-0.25,-0.02,0.08,-0.23,-0.04,0.13,-0.08,0.08,-0.25,0.00,-0.35,
811.29,0.04,-0.06,0.00,0.02,-0.21,0.10,0.17,-0.04,0.00,-0.27,-0.02,-0.29,
811.70,-0.06,0.02,0.02,-0.04,-0.29,0.00,0.00,-0.02,-0.04,-0.19,-0.08,-0.25,
812.11,-0.10,0.06,0.13,0.04,-0.21,0.02,-0.06,-0.06,-0.02,-0.19,-0.06,-0.25,
812.51,0.00,0.08,0.10,0.06,-0.23,0.08,-0.02,-0.13,0.04,-0.25,-0.02,-0.25,
812.92,0.04,0.13,-0.04,-0.15,-0.25,0.06,0.02,-0.08,0.10,-0.29,-0.02,-0.23,
813.32,0.04,0.09,0.04,-0.11,-0.23,0.06,0.02,0.02,0.04,-0.28,0.00,-0.15,
813.73,-0.02,-0.02,-0.02,-0.02,-0.19,0.15,0.06,0.06,0.09,-0.21,0.02,-0.11,
814.14,0.08,0.06,0.02,-0.06,-0.15,0.13,0.09,0.13,0.04,0.00,0.00,-0.13,
814.54,0.04,0.06,0.13,-0.11,-0.17,0.09,0.08,0.09,0.00,0.08,-0.02,-0.21,
814.95,-0.09,0.02,0.07,-0.15,-0.21,0.06,0.02,0.00,0.04,0.07,0.00,-0.24,
815.36,-0.02,0.00,0.07,-0.21,-0.22,0.15,0.07,-0.07,0.13,0.07,0.02,-0.15,
815.76,0.15,-0.02,0.02,-0.17,-0.22,0.15,0.19,-0.09,0.19,0.04,0.04,-0.19,
816.17,0.11,-0.04,0.04,-0.07,-0.04,0.04,0.24,-0.09,0.24,-0.06,0.09,-0.33,
816.58,0.07,0.02,0.00,0.00,0.04,0.17,0.26,-0.09,0.13,-0.17,0.13,-0.18,
816.98,0.02,0.09,-0.06,-0.04,0.06,0.18,0.20,-0.04,0.13,-0.06,0.13,-0.07,
817.39,0.00,0.05,0.09,0.07,0.07,0.05,0.16,0.04,0.11,-0.02,0.15,-0.07,
817.79,0.05,0.11,0.02,0.09,0.11,0.05,0.16,0.00,0.07,0.00,0.18,-0.04,
818.20,0.15,0.07,-0.09,-0.09,0.09,0.07,0.13,-0.04,0.15,0.09,0.16,0.02,
818.61,0.13,0.02,-0.13,-0.07,0.07,0.07,0.11,0.07,0.13,0.07,0.13,0.05,
819.01,0.11,-0.14,-0.16,0.07,0.09,0.11,0.09,0.09,0.14,0.09,0.13,0.07,
819.42,0.20,-0.11,-0.20,0.05,0.13,0.11,0.16,0.04,0.14,0.20,0.11,0.04,
819.83,0.16,0.02,-0.14,-0.04,0.12,0.05,0.07,0.11,0.02,0.29,0.09,0.07,
820.23,0.02,0.00,-0.18,-0.07,0.07,-0.04,-0.04,0.04,0.02,0.30,0.12,0.05,
820.64,0.07,0.00,-0.25,-0.07,0.07,-0.05,-0.02,-0.04,0.11,0.23,0.16,0.05,
821.04,0.18,0.09,-0.26,-0.09,0.07,-0.05,0.07,-0.07,0.14,0.12,0.12,0.05,
821.45,0.19,0.04,-0.28,-0.02,0.09,-0.16,0.09,-0.07,0.19,0.05,0.14,-0.04,
821.86,0.14,0.10,-0.26,0.03,0.21,-0.10,0.09,-0.07,0.05,-0.03,0.14,0.12,
822.26,0.07,0.16,-0.36,0.02,0.19,-0.03,0.03,0.00,0.00,0.07,0.12,0.21,
822.67,0.05,0.21,-0.23,0.07,0.14,-0.09,-0.03,0.16,-0.05,0.12,0.14,0.12,
823.07,0.05,0.22,-0.12,0.09,0.14,-0.14,-0.07,0.12,-0.16,0.14,0.12,0.07,
823.48,0.12,0.21,-0.21,-0.12,0.10,-0.12,-0.15,0.02,-0.05,0.15,0.05,-0.02,
823.89,0.12,0.07,-0.20,-0.15,-0.03,-0.12,-0.10,0.07,0.02,0.05,0.10,0.05,
824.29,0.10,-0.03,-0.15,-0.05,0.00,-0.07,0.00,0.15,0.03,-0.03,0.09,-0.02,
824.70,0.19,-0.03,-0.12,-0.02,0.02,-0.14,0.07,0.05,0.02,0.00,0.07,-0.02,
825.10,0.15,0.13,-0.08,-0.08,-0.07,-0.08,0.03,0.07,-0.03,-0.07,0.07,-0.02,
825.51,-0.02,0.13,-0.02,-0.03,-0.10,-0.13,-0.05,0.10,-0.07,-0.03,0.07,-0.07,
825.91,0.03,0.13,0.12,0.08,-0.07,-0.13,-0.08,0.02,0.00,-0.13,0.07,-0.08,
826.32,0.15,0.20,0.07,0.07,-0.12,-0.08,-0.10,0.00,0.07,-0.20,0.03,-0.12,
826.73,0.20,0.17,0.08,0.07,-0.08,-0.03,-0.08,0.02,0.05,-0.26,0.02,-0.13,
827.13,0.15,0.13,0.16,0.18,0.00,0.03,-0.12,0.08,0.00,-0.28,0.03,-0.10,
827.54,0.05,0.07,0.11,0.20,0.05,0.10,-0.08,0.16,0.02,-0.25,0.03,-0.03,
827.94,0.08,0.10,0.15,0.15,0.00,0.11,-0.08,0.26,-0.02,-0.15,0.05,-0.08,
828.35,0.07,0.10,0.23,0.13,0.00,0.08,-0.16,0.20,-0.05,-0.11,0.02,-0.08,
828.75,0.03,0.05,0.19,0.00,-0.05,0.08,-0.21,0.03,-0.03,0.00,0.00,-0.10,
829.16,0.15,-0.05,0.08,-0.06,-0.23,0.13,-0.19,0.00,0.08,-0.08,-0.03,0.00,
829.57,0.16,-0.10,0.05,0.00,-0.24,0.16,-0.06,0.02,0.10,-0.05,-0.02,0.03,
829.97,0.18,-0.13,0.10,0.10,-0.11,0.11,-0.05,-0.08,0.03,-0.05,-0.06,-0.11,
830.38,0.18,-0.05,0.08,0.06,-0.14,0.18,-0.03,-0.13,-0.03,-0.10,-0.02,0.02,
830.78,0.08,0.00,0.13,0.02,-0.18,0.19,-0.11,-0.05,-0.05,-0.02,0.02,-0.02,
831.19,0.05,-0.05,0.19,0.16,-0.08,0.19,-0.13,-0.05,-0.03,0.00,0.03,-0.02,
831.59,0.09,-0.02,0.19,0.11,-0.06,0.16,-0.14,-0.09,-0.11,-0.02,0.06,0.03,
832.00,0.16,-0.03,0.08,-0.05,-0.06,0.16,-0.14,-0.06,-0.11,-0.02,0.06,-0.02,
832.40,0.11,-0.14,0.05,0.02,-0.05,0.17,-0.09,0.02,-0.11,0.00,0.08,0.02,
832.81,0.06,-0.23,0.00,0.03,-0.06,0.19,-0.08,0.09,-0.05,0.03,0.08,0.06,
833.21,0.14,-0.23,0.00,-0.05,-0.06,0.16,0.00,0.14,-0.08,0.14,0.09,0.03,
833.62,0.09,-0.09,0.05,-0.11,-0.09,0.14,-0.03,0.14,-0.12,0.20,0.08,0.00,
834.02,0.03,-0.11,0.02,-0.12,-0.14,0.11,-0.05,0.08,-0.14,0.26,0.06,-0.06,
834.43,0.08,-0.15,-0.03,-0.15,-0.25,0.06,-0.05,0.08,-0.09,0.25,0.08,-0.06,
834.83,0.12,-0.11,-0.09,-0.12,-0.24,0.03,0.03,0.08,0.00,0.14,0.08,-0.09,
835.24,0.08,-0.09,-0.06,-0.05,-0.12,-0.03,0.12,0.08,0.00,0.09,0.06,-0.20,
835.64,0.05,-0.05,-0.08,0.05,-0.09,-0.05,0.08,0.08,-0.02,0.00,0.09,-0.11,
836.05,-0.02,0.08,-0.15,0.00,-0.08,-0.03,0.00,0.15,-0.03,0.05,0.11,-0.03,
836.45,-0.08,0.14,-0.03,0.09,-0.06,-0.05,-0.05,0.29,-0.05,0.09,0.09,-0.15,
836.86,-0.05,0.12,-0.11,0.11,-0.05,-0.09,-0.05,0.26,-0.09,0.12,0.08,-0.18,
837.26,0.00,0.13,-0.15,-0.06,-0.10,-0.12,-0.15,0.19,-0.04,0.19,0.04,-0.19,
837.67,0.03,0.04,-0.21,-0.04,-0.15,-0.06,-0.04,0.24,0.04,0.13,0.01,-0.19,
838.07,-0.03,-0.06,-0.24,0.06,-0.12,-0.06,0.01,0.25,0.12,0.15,0.00,-0.13,
838.48,0.06,-0.01,-0.24,0.07,-0.04,-0.18,0.07,0.19,0.12,0.18,-0.03,-0.13,
838.88,0.00,0.09,-0.16,0.06,-0.07,-0.10,0.00,0.18,0.03,0.12,-0.03,-0.16,
839.29,-0.12,0.10,-0.13,0.03,-0.13,-0.18,-0.06,0.10,0.06,0.18,-0.06,-0.21,
839.69,-0.13,0.07,-0.18,0.10,-0.10,-0.22,-0.10,0.03,0.09,0.16,-0.04,-0.15,
840.10,-0.06,0.15,-0.23,0.10,-0.15,-0.22,-0.07,0.01,0.09,0.06,-0.03,-0.10,
840.50,-0.07,0.13,-0.16,0.14,-0.01,-0.17,-0.09,0.00,0.12,-0.03,-0.04,-0.14,
840.91,-0.10,0.12,-0.12,0.23,0.07,-0.13,-0.07,0.01,0.10,-0.04,-0.07,-0.06,
841.31,-0.10,0.09,-0.20,0.22,0.06,-0.09,-0.14,0.07,0.10,-0.01,-0.04,0.01,
841.72,-0.16,0.11,-0.07,0.17,0.01,-0.09,-0.10,0.13,0.00,0.03,-0.10,-0.01,
842.12,-0.14,0.09,0.00,0.16,0.01,-0.09,-0.14,0.10,-0.01,0.03,-0.09,-0.06,
842.53,-0.11,0.03,-0.11,0.01,-0.04,-0.20,-0.17,0.00,0.06,0.07,-0.09,-0.07,
842.93,-0.07,-0.06,-0.14,-0.04,-0.13,-0.17,-0.13,-0.03,0.09,-0.01,-0.16,-0.04,
843.34,-0.04,-0.14,-0.13,0.01,-0.07,-0.16,0.00,-0.03,0.10,-0.01,-0.17,-0.03,
843.74,-0.01,-0.11,-0.10,0.07,-0.03,-0.20,0.01,-0.08,0.10,0.00,-0.16,-0.03,
844.15,-0.04,0.03,-0.13,0.03,-0.04,-0.10,0.03,-0.08,0.03,-0.08,-0.17,0.03,
844.55,-0.17,0.00,-0.10,-0.03,-0.10,-0.03,-0.04,-0.11,-0.01,-0.03,-0.13,-0.03,
844.95,-0.17,-0.01,-0.08,0.03,-0.03,-0.11,-0.04,-0.18,0.00,0.04,-0.13,-0.03,
845.36,-0.08,0.03,-0.14,0.00,-0.03,-0.11,-0.07,-0.21,-0.01,-0.07,-0.15,0.03,
845.76,0.04,0.01,-0.17,-0.11,-0.01,-0.06,0.01,-0.19,0.00,-0.14,-0.14,-0.01,
846.17,0.00,-0.07,-0.14,-0.06,0.01,-0.10,0.00,-0.19,0.04,-0.18,-0.15,-0.04,
846.57,-0.04,-0.17,-0.18,-0.04,0.03,-0.08,0.03,-0.11,0.11,-0.14,-0.14,0.06,
846.98,0.04,-0.12,-0.16,-0.08,-0.05,-0.11,0.04,-0.03,0.01,-0.14,-0.12,0.03,
847.38,0.01,-0.07,-0.11,-0.08,0.01,-0.10,0.01,-0.03,-0.03,-0.07,-0.08,0.00,
847.79,0.00,-0.03,-0.12,-0.14,0.00,-0.15,-0.11,-0.11,0.05,0.07,-0.04,-0.05,
848.19,0.05,-0.04,-0.16,-0.16,-0.09,-0.16,-0.03,-0.09,0.14,0.07,-0.03,-0.01,
848.59,0.08,-0.01,-0.13,-0.11,-0.09,-0.08,0.04,-0.05,0.13,-0.04,0.00,-0.01,
849.00,0.04,0.03,-0.08,-0.05,-0.01,-0.12,0.08,-0.11,0.19,-0.05,0.08,-0.08,
849.40,0.00,0.09,-0.08,-0.01,0.00,-0.07,0.03,-0.08,0.19,-0.15,0.11,0.03,
849.81,-0.05,0.13,-0.05,-0.05,0.03,-0.01,-0.07,0.00,0.15,-0.13,0.08,-0.01,
850.21,-0.08,0.09,0.09,0.09,0.07,-0.05,-0.13,0.03,0.13,-0.08,0.11,-0.12,
850.61,-0.01,0.12,0.04,0.05,0.07,-0.11,-0.12,0.01,0.09,-0.13,0.11,-0.11,
851.02,0.05,0.08,0.03,-0.05,0.08,-0.13,-0.14,0.07,0.11,-0.17,0.09,-0.11,
851.42,0.03,0.05,0.05,-0.07,0.09,-0.09,-0.10,0.12,0.16,-0.18,0.12,-0.09,
851.83,-0.01,-0.03,0.05,0.01,0.10,-0.12,-0.10,0.16,0.22,-0.14,0.09,-0.05,
852.23,0.08,-0.01,0.07,0.04,0.13,-0.13,-0.04,0.21,0.21,-0.05,0.07,-0.04,
852.63,0.08,0.08,0.10,0.01,0.06,-0.06,-0.09,0.21,0.13,-0.04,0.09,-0.08,
853.04,-0.06,0.05,0.09,-0.03,0.06,-0.10,-0.12,0.13,0.14,0.03,0.08,-0.13,
853.44,-0.06,0.00,0.05,-0.05,0.06,-0.12,-0.13,0.06,0.17,-0.01,0.09,-0.10,
853.85,-0.03,0.00,-0.03,-0.05,0.04,-0.09,-0.08,0.03,0.13,-0.15,0.08,-0.05,
854.25,-0.04,-0.03,0.03,-0.03,0.13,-0.13,-0.05,-0.01,0.12,-0.24,0.08,-0.10,
854.65,-0.09,-0.04,0.01,0.01,0.18,-0.13,-0.05,-0.05,0.10,-0.26,0.06,-0.01,
855.06,-0.10,-0.06,-0.09,0.05,0.18,-0.06,-0.11,0.01,0.01,-0.22,0.04,0.05,
855.46,-0.09,0.00,0.03,0.06,0.15,-0.09,-0.10,0.03,-0.08,-0.18,0.04,-0.04,
855.86,-0.06,0.01,0.01,0.04,0.14,-0.13,-0.13,-0.04,-0.13,-0.14,0.05,-0.01,
856.27,-0.01,-0.01,-0.09,-0.11,0.11,-0.16,-0.16,-0.09,-0.11,-0.09,0.04,0.04,
856.67,0.03,-0.04,-0.10,-0.10,0.05,-0.14,-0.11,-0.06,-0.04,-0.14,0.09,0.04,
857.08,0.03,-0.05,-0.11,-0.04,0.03,-0.11,-0.05,-0.05,0.03,-0.13,0.08,0.04,
857.48,0.06,-0.05,-0.11,0.05,0.05,-0.18,-0.04,-0.05,0.00,-0.08,0.09,0.01,
857.88,0.00,0.04,-0.08,0.03,-0.01,-0.10,-0.06,-0.01,-0.10,-0.13,0.11,0.04,
858.29,-0.10,0.05,-0.05,0.00,-0.06,-0.14,-0.15,-0.04,-0.13,-0.09,0.15,-0.03,
858.69,-0.13,0.05,-0.06,0.03,0.00,-0.18,-0.16,-0.11,-0.15,-0.08,0.15,-0.03,
859.09,-0.05,0.10,-0.09,0.02,-0.06,-0.17,-0.10,-0.10,-0.16,-0.11,0.17,0.04,
859.50,-0.01,0.11,-0.02,-0.05,-0.09,-0.15,-0.04,-0.10,-0.14,-0.15,0.10,0.04,
859.90,-0.02,0.07,0.01,0.06,-0.07,-0.14,0.01,-0.06,-0.11,-0.09,0.11,0.05,
860.30,-0.05,0.01,-0.05,0.09,-0.06,-0.06,0.01,0.02,-0.14,0.00,0.06,0.10,
860.71,0.09,0.07,0.04,0.09,-0.11,-0.04,0.02,0.09,-0.17,0.05,0.07,0.09,
861.11,0.05,0.10,0.15,0.05,-0.11,-0.06,0.01,0.11,-0.16,0.09,0.06,0.04,
861.51,-0.02,0.05,0.07,-0.02,-0.10,-0.11,-0.02,0.05,-0.13,0.16,0.06,0.01,
861.92,0.04,0.01,0.02,-0.07,-0.18,-0.11,0.01,0.04,-0.05,0.07,0.06,0.02,
862.32,0.04,0.00,0.04,-0.02,-0.19,-0.06,0.09,0.06,0.01,0.02,0.06,0.01,
862.72,0.01,0.00,0.07,0.06,-0.15,-0.08,0.11,0.07,0.01,0.06,0.05,-0.01,
863.13,-0.06,0.02,0.07,0.07,-0.12,0.00,0.08,0.05,-0.05,0.02,0.07,0.10,
863.53,-0.11,0.06,0.07,0.07,-0.16,0.05,0.02,0.02,-0.10,0.05,0.00,0.07,
863.93,-0.12,0.10,0.13,0.14,-0.05,0.02,-0.01,0.00,-0.07,0.07,0.00,0.02,
864.34,-0.07,0.17,0.10,0.11,-0.02,0.02,0.02,-0.07,-0.10,0.02,0.00,0.01,
864.74,-0.01,0.16,0.08,0.05,-0.07,0.04,0.06,-0.07,-0.08,0.01,-0.01,0.01,
865.14,0.01,0.10,0.08,0.05,-0.04,0.05,0.06,-0.04,-0.05,-0.04,-0.01,0.01,
865.54,-0.01,-0.01,0.04,0.11,0.02,0.06,0.05,0.04,0.01,0.00,0.05,0.01,
865.95,0.07,0.02,0.00,0.10,0.06,0.01,0.11,0.11,-0.04,-0.01,0.05,0.00,
866.35,0.06,0.09,0.06,0.06,0.01,0.06,0.02,0.08,-0.02,-0.02,0.07,-0.04,
866.75,-0.08,0.07,0.01,0.01,0.01,0.04,-0.02,0.00,0.01,0.05,0.09,-0.07,
867.16,-0.06,0.02,-0.07,-0.04,0.02,0.01,-0.02,-0.05,0.09,0.02,0.08,-0.02,
867.56,0.01,0.06,-0.06,0.00,-0.04,0.01,0.05,0.00,0.12,-0.07,0.08,0.00,
867.96,-0.02,0.01,0.00,0.05,0.00,0.04,0.06,-0.04,0.15,-0.07,0.08,-0.07,
868.36,-0.04,0.05,0.00,0.09,0.05,0.04,0.08,-0.05,0.09,-0.11,0.08,0.00,
868.77,-0.09,0.08,-0.06,0.04,0.04,0.08,0.06,-0.05,0.02,-0.08,0.05,-0.01,
869.17,-0.06,0.15,0.04,0.06,0.01,0.01,0.06,0.00,0.01,-0.07,0.04,-0.09,
869.57,-0.07,0.13,-0.03,0.01,0.02,-0.02,0.03,-0.07,0.01,-0.06,0.05,-0.10,
869.98,-0.03,0.07,-0.09,-0.12,-0.03,-0.03,0.01,-0.12,0.00,-0.06,0.02,-0.08,
870.38,0.00,0.00,-0.08,-0.10,-0.10,0.03,0.02,-0.06,0.03,-0.07,-0.01,-0.03,
870.78,0.01,-0.07,-0.08,-0.03,-0.06,0.02,0.00,-0.03,0.13,-0.06,0.00,-0.05,
871.18,0.03,-0.06,-0.07,0.02,-0.03,-0.06,0.02,-0.02,0.12,-0.01,-0.01,-0.05,
871.59,0.02,0.01,-0.05,0.03,-0.07,0.02,-0.05,-0.03,0.06,-0.08,0.00,-0.07,
871.99,-0.09,0.02,-0.05,-0.01,-0.08,0.01,-0.11,-0.08,0.06,-0.01,0.00,-0.10,
872.39,-0.11,-0.02,-0.05,0.00,-0.01,-0.06,-0.10,-0.14,0.07,-0.01,-0.01,-0.11,
872.79,-0.06,0.00,-0.05,-0.02,-0.01,-0.06,-0.06,-0.13,0.02,-0.10,-0.08,-0.11,
873.20,-0.02,0.01,0.01,-0.06,-0.05,-0.03,-0.01,-0.16,-0.01,-0.16,-0.07,-0.16,
873.60,-0.03,-0.03,0.02,-0.01,-0.01,0.00,-0.02,-0.15,-0.02,-0.13,-0.06,-0.11,
874.00,-0.07,-0.09,-0.05,0.01,0.00,-0.05,-0.03,-0.10,0.00,-0.07,-0.07,-0.07,
874.40,-0.01,-0.06,0.03,-0.01,-0.03,-0.02,-0.08,-0.01,-0.07,-0.03,-0.09,-0.07,
874.80,-0.02,-0.09,0.08,-0.06,-0.01,-0.03,-0.14,-0.02,-0.03,-0.05,-0.06,-0.06,
875.21,0.01,-0.14,0.02,-0.08,-0.03,-0.06,-0.18,-0.08,0.02,0.05,-0.08,-0.06,
875.61,0.06,-0.17,-0.01,-0.09,-0.06,-0.02,-0.14,-0.05,0.06,0.00,-0.07,-0.01,
876.01,0.08,-0.20,0.00,-0.07,-0.07,-0.02,-0.07,0.01,0.14,0.00,-0.07,-0.02,
876.41,0.07,-0.22,0.01,-0.02,-0.02,-0.12,0.02,0.01,0.18,0.04,-0.03,-0.02,
876.82,0.06,-0.18,0.02,-0.06,0.00,-0.01,0.04,0.06,0.13,0.01,-0.06,0.04,
877.22,-0.01,-0.16,0.02,-0.11,-0.01,0.02,0.01,0.02,0.08,0.02,-0.06,0.00,
877.62,-0.04,-0.13,0.06,-0.09,0.00,-0.03,0.01,-0.02,0.07,0.10,-0.07,0.02,
878.02,0.01,-0.09,0.03,-0.12,0.02,-0.01,0.04,-0.06,0.07,0.08,-0.07,0.03,
878.42,0.07,-0.09,-0.01,-0.19,-0.04,-0.01,0.01,-0.09,0.08,0.01,-0.08,0.02,
878.82,0.08,-0.12,-0.03,-0.12,-0.04,0.00,0.01,-0.07,0.09,0.03,-0.06,0.02,
879.23,0.02,-0.19,-0.08,-0.06,-0.01,-0.03,-0.02,0.00,0.18,0.06,-0.06,0.08,
879.63,0.12,-0.13,-0.07,-0.05,0.00,-0.04,-0.03,0.04,0.15,0.08,-0.09,0.04,
880.03,0.11,-0.02,-0.07,-0.08,-0.04,-0.02,-0.08,0.02,0.10,0.05,-0.07,0.01,
880.43,0.05,-0.03,-0.12,-0.08,-0.03,-0.04,-0.08,-0.04,0.16,0.12,-0.04,-0.03,
880.83,0.07,-0.04,-0.15,-0.08,-0.02,-0.08,-0.04,-0.05,0.20,0.11,-0.07,-0.01,
881.24,0.08,-0.02,-0.13,-0.05,-0.05,-0.05,0.00,-0.02,0.17,0.03,-0.03,-0.05,
881.64,0.04,-0.03,-0.08,-0.03,-0.04,-0.10,0.05,-0.02,0.21,0.00,-0.03,-0.15,
882.04,0.01,0.02,-0.06,0.00,-0.01,-0.08,0.04,-0.03,0.14,-0.05,0.00,-0.04,
882.44,-0.03,0.06,-0.14,-0.02,-0.01,-0.02,-0.04,-0.02,0.06,-0.10,0.00,-0.05,
882.84,-0.03,0.11,-0.06,0.01,-0.01,-0.08,-0.08,-0.03,0.01,-0.09,0.02,-0.12,
883.24,-0.01,0.16,-0.08,0.01,-0.01,-0.06,-0.05,-0.05,0.04,-0.11,0.03,-0.11,
883.65,0.03,0.15,-0.09,-0.06,0.00,-0.05,-0.10,-0.05,0.03,-0.16,0.03,-0.14,
884.05,0.05,0.07,-0.05,-0.04,-0.07,-0.03,-0.07,-0.01,0.04,-0.21,0.03,-0.16,
884.45,0.02,0.01,-0.04,0.01,-0.04,-0.02,-0.01,0.06,0.12,-0.17,0.06,-0.13,
884.85,0.04,0.03,-0.04,0.02,-0.02,-0.06,0.03,0.11,0.10,-0.18,0.05,-0.11,
885.25,0.05,0.10,0.05,0.00,-0.03,0.03,0.00,0.10,-0.01,-0.20,0.05,-0.11,
885.65,-0.07,0.07,0.04,-0.02,-0.05,0.03,0.00,0.06,0.03,-0.14,0.08,-0.14,
886.05,-0.09,0.03,0.04,0.01,0.01,0.00,0.02,0.05,0.04,-0.13,0.08,-0.13,
886.46,-0.08,0.07,0.06,-0.03,0.02,0.00,0.06,0.06,-0.02,-0.20,0.07,-0.12,
886.86,-0.04,0.02,0.06,-0.06,0.01,0.03,0.09,0.03,-0.01,-0.24,0.06,-0.17,
887.26,-0.07,0.00,0.03,-0.03,0.03,0.05,0.13,0.02,0.01,-0.25,0.06,-0.05,
887.66,-0.06,-0.04,-0.04,-0.02,0.04,0.09,0.09,0.04,-0.05,-0.20,0.07,0.00,
888.06,-0.01,-0.03,0.02,-0.02,0.04,0.10,0.04,0.13,-0.04,-0.13,0.05,-0.03,
888.46,-0.02,-0.04,0.05,-0.03,0.02,0.08,-0.01,0.08,-0.03,-0.08,0.05,-0.07,
888.86,-0.01,-0.08,-0.02,-0.06,-0.01,0.05,-0.02,0.05,-0.03,-0.07,0.06,-0.05,
889.26,0.03,-0.17,-0.05,-0.07,-0.05,0.03,-0.03,0.10,-0.03,-0.10,0.05,-0.01,
889.66,0.05,-0.25,-0.03,-0.03,-0.08,0.02,0.02,0.14,0.06,-0.07,0.05,0.00,
890.07,0.05,-0.27,-0.03,0.02,-0.03,-0.05,0.06,0.16,0.06,-0.03,0.02,0.02,
890.47,0.06,-0.20,-0.01,0.01,-0.02,0.02,0.03,0.17,0.00,-0.08,0.01,0.08,
890.87,-0.01,-0.14,0.00,-0.04,-0.04,0.03,-0.04,0.13,0.00,-0.04,0.01,0.03,
891.27,-0.01,-0.13,-0.05,-0.01,-0.01,0.00,-0.02,0.08,0.00,-0.01,0.01,0.01,
891.67,0.03,-0.09,-0.07,-0.05,0.02,-0.02,-0.02,0.04,-0.08,-0.04,0.01,0.01,
892.07,0.11,-0.08,-0.08,-0.14,0.00,0.00,0.03,0.02,-0.09,-0.09,0.02,-0.02,
892.47,0.12,-0.12,-0.07,-0.08,-0.03,-0.01,0.05,0.01,-0.07,-0.08,0.01,0.01,
892.87,0.11,-0.16,-0.08,-0.02,0.00,-0.01,0.02,0.06,-0.09,-0.01,0.03,0.06,
893.27,0.20,-0.14,-0.07,-0.02,0.02,-0.03,-0.03,0.14,-0.15,0.00,0.05,0.02,
893.67,0.19,-0.05,0.00,-0.02,-0.01,-0.03,-0.07,0.13,-0.14,-0.01,0.05,-0.02,
894.07,0.13,-0.06,-0.02,-0.03,-0.03,-0.04,-0.07,0.03,-0.12,0.06,0.03,-0.06,
894.47,0.15,-0.07,-0.07,-0.03,0.01,-0.04,-0.05,0.04,-0.10,0.01,0.02,-0.01,
894.87,0.16,-0.04,-0.07,0.00,-0.06,-0.01,-0.02,0.06,-0.01,-0.01,0.02,-0.03,
895.27,0.13,-0.02,-0.01,0.03,-0.05,-0.02,0.05,0.00,0.02,0.05,0.03,-0.07,
895.67,0.07,0.05,-0.04,0.05,-0.03,0.02,0.05,0.04,-0.05,0.01,0.02,0.00,
896.08,0.03,0.10,-0.11,0.04,-0.05,0.08,-0.03,0.01,-0.09,0.02,0.05,-0.03,
896.48,0.02,0.13,-0.03,0.07,-0.09,0.05,-0.02,-0.04,-0.09,0.07,0.05,-0.10,
896.88,0.02,0.12,-0.06,0.04,-0.07,0.00,0.00,-0.10,-0.13,0.06,0.04,-0.11,
897.28,0.05,0.13,-0.11,-0.03,-0.12,-0.03,-0.06,-0.06,-0.12,0.02,0.03,-0.10,
897.68,0.08,0.06,-0.13,0.00,-0.20,0.01,-0.05,-0.04,-0.06,-0.02,0.01,-0.12,
898.08,0.06,-0.03,-0.13,0.08,-0.16,0.00,-0.07,-0.01,0.00,0.03,0.01,-0.10,
898.48,0.10,-0.01,-0.11,0.07,-0.14,-0.01,-0.15,0.06,-0.03,0.03,0.02,-0.11,
898.88,0.08,0.06,-0.07,0.05,-0.16,0.08,-0.18,0.08,-0.05,0.04,-0.02,-0.16,
899.28,-0.04,0.07,-0.03,-0.01,-0.21,0.05,-0.15,0.01,-0.01,0.12,-0.02,-0.20,
899.68,-0.04,0.01,-0.05,-0.02,-0.15,0.02,-0.12,-0.02,0.02,0.10,-0.04,-0.20,
900.08,-0.02,0.05,-0.07,-0.04,-0.13,0.01,-0.07,0.00,0.02,-0.02,-0.01,-0.21,
900.48,-0.02,0.04,-0.02,0.00,-0.15,-0.03,0.00,-0.01,0.09,0.00,0.00,-0.27,
900.88,-0.05,0.02,0.02,-0.01,-0.09,-0.04,0.02,-0.03,0.03,-0.01,-0.02,-0.20,
901.28,-0.08,0.01,-0.04,-0.01,-0.06,0.00,-0.03,0.01,-0.03,-0.01,-0.01,-0.16,
901.68,-0.01,0.04,0.02,0.01,-0.04,0.00,-0.06,0.04,-0.03,0.01,-0.01,-0.22,
902.08,0.00,0.04,0.04,-0.05,-0.04,-0.03,-0.03,0.01,0.00,0.02,-0.01,-0.24,
902.48,0.01,-0.01,-0.01,-0.11,-0.04,-0.08,-0.02,0.03,-0.01,-0.01,0.00,-0.20,
902.88,0.04,-0.07,0.00,-0.10,-0.07,-0.04,-0.05,0.08,0.03,-0.01,0.00,-0.18,
903.28,0.06,-0.12,0.02,-0.02,-0.05,-0.05,0.00,0.11,0.12,0.04,0.01,-0.16,
903.68,0.04,-0.11,0.08,0.00,-0.01,-0.10,0.03,0.13,0.09,0.06,0.04,-0.13,
904.08,0.05,-0.01,0.10,-0.01,-0.02,0.01,-0.02,0.16,0.03,0.01,0.02,-0.06,
904.48,-0.06,-0.01,0.09,-0.04,-0.02,0.00,0.00,0.13,0.08,0.07,0.01,-0.09,
904.88,-0.07,-0.03,0.04,-0.01,0.01,-0.07,0.04,0.09,0.10,0.02,0.03,-0.07,
905.28,-0.03,0.01,0.03,-0.01,0.06,-0.08,0.02,0.08,0.03,-0.06,0.02,-0.04,
905.68,0.04,0.00,0.04,-0.04,0.02,-0.08,0.05,0.07,0.03,-0.07,0.05,-0.06,
906.07,0.04,-0.03,0.04,0.01,0.01,-0.08,0.06,0.05,0.01,-0.06,0.04,-0.01,
906.47,0.03,-0.09,-0.03,0.01,0.02,-0.04,0.01,0.09,-0.04,-0.04,0.03,0.05,
906.87,0.09,-0.06,0.03,0.01,0.05,-0.03,-0.03,0.16,-0.07,-0.02,0.03,0.03,
907.27,0.10,-0.04,0.07,-0.01,0.01,-0.06,-0.03,0.13,-0.07,-0.01,0.00,-0.01,
907.67,0.09,-0.09,0.05,-0.07,0.01,-0.11,-0.03,0.05,-0.05,-0.01,0.00,-0.01,
908.07,0.13,-0.13,0.03,-0.06,0.03,-0.08,-0.06,0.07,-0.03,-0.08,0.00,0.01,
908.47,0.12,-0.10,0.05,-0.02,0.02,-0.06,-0.06,0.05,0.03,-0.05,0.00,0.01,
908.87,0.12,-0.11,0.06,0.02,0.06,-0.08,0.04,0.03,0.05,-0.04,-0.01,-0.02,
909.27,0.10,-0.05,0.06,0.01,0.10,-0.03,0.00,0.00,-0.02,-0.10,0.03,0.06,
909.67,0.03,-0.01,0.00,-0.01,0.11,0.01,-0.04,0.00,-0.04,-0.05,0.03,0.02,
910.07,0.00,-0.01,0.01,0.04,0.11,-0.07,-0.02,-0.06,0.00,-0.02,0.03,-0.03,
910.47,0.03,0.01,-0.02,0.01,0.10,-0.09,0.00,-0.12,-0.05,-0.06,0.00,-0.03,
910.87,0.06,0.04,-0.02,-0.07,0.10,-0.10,-0.03,-0.13,-0.05,-0.06,0.01,-0.03,
911.27,0.07,0.00,-0.01,-0.03,0.04,-0.07,0.02,-0.12,0.00,-0.05,-0.01,-0.03,
911.66,0.01,-0.08,-0.06,0.01,0.05,-0.06,0.00,-0.06,0.03,0.00,-0.06,0.01,
912.06,0.08,-0.06,-0.04,0.02,0.09,-0.06,-0.06,0.01,0.00,0.00,-0.04,-0.01,
912.46,0.10,0.01,0.03,0.00,0.08,-0.06,-0.05,0.01,-0.02,0.03,-0.05,-0.04,
912.86,0.02,0.02,0.03,-0.02,0.06,-0.09,-0.07,-0.03,0.03,0.07,-0.10,-0.09,
913.26,0.01,0.00,-0.01,-0.03,0.11,-0.11,-0.08,-0.01,0.07,0.00,-0.08,-0.09,
913.66,0.01,0.08,-0.02,-0.01,0.10,-0.08,-0.04,0.02,0.09,-0.04,-0.07,-0.08,
914.06,-0.03,0.08,0.05,-0.03,0.06,-0.12,0.06,0.00,0.10,0.00,-0.09,-0.11,
914.46,-0.07,0.07,0.01,-0.02,0.07,-0.09,0.08,0.05,0.05,-0.03,-0.12,-0.06,
914.85,-0.11,0.07,-0.05,-0.02,0.05,-0.06,0.00,0.04,0.00,-0.05,-0.09,-0.02,
915.25,-0.12,0.08,0.03,0.03,0.02,-0.09,0.01,0.05,-0.03,-0.01,-0.12,-0.09,
915.65,-0.11,0.05,0.05,0.00,0.00,-0.11,0.04,0.00,-0.04,-0.04,-0.17,-0.11,
916.05,-0.06,0.01,0.04,-0.07,-0.05,-0.10,-0.01,0.04,-0.05,-0.08,-0.16,-0.13,
916.45,-0.05,-0.04,0.01,-0.07,-0.10,-0.08,0.01,0.08,-0.02,-0.10,-0.12,-0.09,
916.85,-0.08,-0.10,0.01,-0.04,-0.12,-0.06,0.03,0.11,0.04,-0.05,-0.12,-0.06,
917.25,-0.01,-0.10,0.01,-0.03,-0.10,-0.13,0.02,0.14,0.01,-0.05,-0.11,-0.04,
917.64,0.02,-0.05,0.04,-0.02,-0.13,-0.04,-0.01,0.16,-0.04,-0.10,-0.10,-0.03,
918.04,-0.09,-0.03,0.05,-0.06,-0.16,-0.08,-0.01,0.09,-0.04,-0.01,-0.06,-0.04,
918.44,-0.09,-0.04,0.03,-0.04,-0.13,-0.09,0.00,0.05,-0.03,-0.02,-0.06,-0.04,
918.84,-0.03,-0.02,-0.06,-0.08,-0.13,-0.11,0.06,0.00,-0.10,-0.07,0.00,-0.02,
919.24,-0.01,0.00,-0.04,-0.11,-0.16,-0.10,0.10,-0.05,-0.09,-0.05,0.03,-0.04,
919.64,-0.02,-0.06,-0.05,-0.09,-0.15,-0.10,0.10,-0.09,-0.10,-0.04,0.02,0.00,
920.03,-0.02,-0.10,-0.14,-0.05,-0.10,-0.07,0.03,-0.07,-0.10,-0.05,0.02,0.04,
920.43,0.06,-0.06,-0.10,0.01,-0.08,-0.08,-0.03,-0.02,-0.11,-0.04,0.03,0.01,
920.83,0.07,-0.01,-0.07,-0.01,-0.09,-0.10,-0.02,-0.05,-0.11,-0.02,0.05,-0.02,
921.23,0.09,-0.01,-0.07,-0.09,-0.11,-0.11,-0.07,-0.07,-0.07,-0.02,0.05,-0.03,
921.63,0.11,-0.01,-0.08,-0.10,-0.11,-0.10,-0.07,-0.03,-0.05,-0.05,0.09,0.02,
922.02,0.11,-0.01,-0.07,-0.05,-0.10,-0.11,-0.01,-0.01,0.03,-0.03,0.11,0.03,
922.42,0.11,-0.02,-0.02,-0.02,-0.06,-0.16,0.04,0.01,0.04,0.03,0.08,0.02,
922.82,0.11,0.03,-0.01,0.04,-0.03,-0.10,-0.01,0.01,-0.02,-0.05,0.09,0.07,
923.22,-0.01,0.07,-0.01,0.01,0.00,-0.05,-0.03,-0.02,-0.03,0.02,0.08,0.01,
923.62,-0.02,0.07,0.02,0.01,0.00,-0.10,0.02,-0.06,-0.03,0.05,0.07,-0.03,
924.01,0.01,0.10,-0.02,-0.03,0.03,-0.07,0.04,-0.08,-0.04,0.03,0.03,-0.02,
924.41,0.02,0.08,-0.02,-0.11,0.00,-0.05,0.06,-0.09,-0.02,-0.05,0.05,-0.03,
924.81,0.00,0.01,0.01,-0.03,-0.04,0.00,0.07,-0.07,0.03,-0.04,0.06,-0.01,
925.21,-0.01,-0.07,-0.03,0.02,-0.04,0.02,0.02,0.01,0.02,-0.03,0.02,0.03,
925.60,0.06,-0.04,0.01,0.05,-0.02,0.02,-0.03,0.09,-0.01,0.01,0.03,0.03,
926.00,0.08,0.01,0.09,0.04,-0.08,0.03,-0.05,0.10,-0.02,0.00,0.02,0.00,
926.40,0.02,-0.01,0.09,-0.02,-0.11,0.02,-0.07,0.02,0.01,0.08,0.00,-0.02,
926.80,0.05,-0.07,0.07,-0.02,-0.09,0.02,-0.09,0.03,0.05,0.05,-0.01,-0.01,
927.19,0.05,-0.04,0.03,0.01,-0.11,0.02,-0.01,0.09,0.07,0.04,-0.02,-0.02,
927.59,0.02,-0.08,0.07,0.04,-0.11,-0.03,0.05,0.02,0.10,0.04,-0.03,-0.06,
927.99,-0.01,-0.09,0.07,0.02,-0.06,0.00,0.03,0.03,0.02,0.00,-0.04,0.03,
928.39,-0.03,-0.03,0.05,0.01,-0.04,0.07,-0.06,0.01,-0.01,0.00,0.00,0.01,
928.78,-0.03,-0.02,0.13,0.01,-0.06,0.00,0.00,0.02,-0.04,0.05,0.00,-0.04,
929.18,0.00,-0.01,0.12,-0.01,-0.05,-0.05,0.00,-0.04,-0.04,0.03,0.00,-0.03,
929.58,0.03,-0.02,0.03,-0.05,-0.06,-0.06,-0.05,-0.03,-0.04,-0.02,0.03,0.00,
929.98,0.04,-0.08,0.05,-0.05,-0.07,-0.03,-0.04,0.02,0.01,-0.07,0.03,0.01,
930.37,0.02,-0.13,0.07,0.02,-0.04,-0.04,-0.07,0.07,0.07,0.02,0.03,0.07,
930.77,0.07,-0.12,0.08,0.00,0.01,-0.11,-0.11,0.10,0.01,0.01,0.03,0.09,
931.17,0.07,-0.04,0.08,-0.02,0.00,-0.05,-0.12,0.09,-0.01,0.00,0.05,0.07,
931.56,-0.05,-0.02,0.06,-0.07,-0.03,-0.08,-0.10,0.02,0.03,0.05,0.04,0.01,
931.96,-0.02,-0.02,0.01,-0.08,0.02,-0.12,-0.06,-0.04,0.04,0.05,0.06,0.02,
932.36,-0.02,0.01,-0.04,-0.10,0.01,-0.11,0.01,-0.01,0.00,-0.03,0.08,0.02,
932.75,-0.02,0.04,-0.02,-0.15,0.01,-0.09,0.09,-0.04,0.01,-0.02,0.09,-0.01,
933.15,-0.03,-0.04,-0.04,-0.12,0.06,-0.08,0.07,-0.06,-0.03,-0.07,0.11,0.05,
933.55,-0.03,-0.04,-0.11,-0.12,0.08,-0.01,-0.01,-0.02,-0.08,-0.06,0.12,0.09,
933.94,0.03,0.00,-0.05,-0.09,0.05,-0.04,-0.03,0.05,-0.09,0.00,0.14,0.03,
934.34,0.04,-0.03,-0.08,-0.10,0.03,-0.06,-0.01,0.00,-0.09,-0.02,0.11,-0.01,
934.74,0.07,-0.07,-0.13,-0.14,0.01,-0.05,-0.05,-0.03,-0.06,-0.03,0.07,-0.01,
935.13,0.12,-0.10,-0.13,-0.15,-0.04,0.00,-0.05,0.01,-0.02,-0.04,0.11,0.00,
935.53,0.12,-0.11,-0.10,-0.09,-0.02,-0.04,-0.01,0.06,0.07,0.01,0.13,-0.03,
935.93,0.14,-0.10,-0.10,-0.03,-0.04,-0.10,0.02,0.07,0.04,-0.01,0.11,-0.04,
936.32,0.16,-0.06,-0.10,-0.02,-0.02,-0.07,-0.02,0.08,-0.03,-0.06,0.09,-0.03,
936.72,0.05,-0.02,-0.08,-0.04,-0.04,-0.04,-0.04,0.08,0.00,0.03,0.09,-0.07,
937.12,0.02,-0.02,-0.04,0.01,-0.02,-0.07,0.01,0.06,0.03,0.03,0.07,-0.07,
937.51,0.06,-0.02,-0.07,0.00,-0.03,-0.05,0.03,0.07,-0.03,-0.04,0.06,-0.03,
937.91,0.09,-0.03,-0.06,-0.05,-0.05,-0.04,0.06,0.09,-0.03,-0.09,0.10,-0.05,
938.31,0.06,-0.10,-0.02,0.00,-0.05,-0.01,0.08,0.08,0.01,-0.06,0.10,-0.01,
938.70,0.09,-0.17,-0.07,0.05,-0.04,-0.01,0.01,0.12,0.01,-0.10,0.08,0.02,
939.10,0.16,-0.12,0.01,0.10,-0.04,-0.07,-0.05,0.19,-0.02,-0.03,0.08,-0.02,
939.49,0.13,-0.06,0.09,0.07,-0.09,-0.11,-0.10,0.18,0.00,-0.01,0.07,-0.09,
939.89,0.10,-0.10,0.01,0.04,-0.08,-0.12,-0.08,0.09,0.07,-0.01,0.01,-0.09,
940.29,0.11,-0.10,0.02,0.00,-0.06,-0.13,-0.06,0.11,0.07,-0.04,0.04,-0.03,
940.68,0.10,-0.08,0.03,0.01,-0.05,-0.16,-0.05,0.12,0.12,-0.06,0.03,-0.03,
941.08,0.05,-0.08,0.05,0.05,-0.01,-0.19,0.01,0.06,0.15,-0.09,0.02,-0.06,
941.47,0.00,-0.08,0.05,0.03,0.01,-0.09,-0.01,0.02,0.09,-0.18,-0.01,0.05,
941.87,-0.08,-0.05,0.06,-0.02,0.01,-0.07,-0.07,0.00,0.07,-0.08,0.00,0.00,
942.27,-0.12,0.01,0.16,0.00,-0.02,-0.07,-0.02,-0.06,0.05,-0.03,0.00,-0.05,
942.66,-0.08,0.01,0.10,-0.01,-0.01,-0.08,0.00,-0.12,0.00,-0.13,0.02,-0.10,
943.06,-0.01,-0.03,0.06,-0.09,-0.02,-0.07,-0.06,-0.14,-0.02,-0.16,0.02,-0.10,
943.45,-0.02,-0.09,0.09,-0.08,-0.02,-0.05,-0.07,-0.13,0.03,-0.14,0.06,-0.13,
943.85,-0.06,-0.13,0.09,0.01,-0.01,-0.05,-0.12,-0.09,0.09,-0.09,0.07,-0.10,
944.24,0.02,-0.09,0.09,0.01,0.00,-0.16,-0.19,0.00,0.05,-0.10,0.07,-0.09,
944.64,0.01,0.01,0.16,0.01,-0.01,-0.16,-0.19,0.02,0.00,-0.03,0.05,-0.10,
945.04,-0.05,0.05,0.12,-0.08,-0.06,-0.13,-0.14,-0.03,0.03,0.02,-0.05,-0.13,
945.43,0.00,0.02,0.06,-0.03,-0.01,-0.12,-0.09,-0.03,0.06,-0.02,-0.07,-0.09,
945.83,0.05,0.09,0.06,-0.05,-0.03,-0.12,-0.08,-0.02,0.01,-0.02,-0.08,-0.07,
946.22,0.02,0.07,0.10,-0.06,-0.07,-0.05,0.02,-0.06,0.08,0.01,-0.09,-0.16,
946.62,-0.02,0.07,0.08,-0.01,-0.06,0.00,0.02,-0.02,0.05,-0.02,-0.08,-0.03,
947.01,-0.01,0.02,0.05,0.00,-0.07,-0.01,-0.05,0.01,-0.05,0.01,-0.06,-0.01,
947.41,0.05,0.07,0.12,0.01,-0.09,-0.05,-0.03,0.03,-0.06,0.12,-0.08,-0.10,
947.80,0.08,0.09,0.11,0.03,-0.06,-0.06,-0.02,-0.02,-0.06,0.09,-0.07,-0.08,
948.20,0.09,0.07,0.01,0.00,-0.09,-0.06,-0.09,0.01,-0.03,0.03,-0.02,-0.07,
948.59,0.11,0.02,-0.01,-0.03,-0.16,-0.02,-0.05,0.03,0.01,0.02,-0.05,-0.02,
948.99,0.08,0.07,0.02,0.00,-0.15,-0.03,-0.01,0.09,0.11,0.09,-0.01,0.00,
949.38,0.14,0.09,0.00,0.03,-0.12,-0.09,0.02,0.10,0.12,0.08,-0.06,0.00,
949.78,0.10,0.09,-0.02,0.01,-0.12,-0.05,-0.02,0.11,0.01,0.08,-0.09,0.03,
950.17,0.00,0.10,0.00,-0.01,-0.10,-0.02,0.01,0.07,0.07,0.17,-0.09,-0.02,
950.57,-0.02,0.10,0.00,-0.02,-0.06,-0.02,0.07,0.00,0.08,0.16,-0.09,-0.03,
950.96,-0.02,0.12,-0.04,-0.06,-0.04,0.01,0.09,-0.01,0.01,0.04,-0.04,0.01,
951.36,-0.09,0.11,-0.04,-0.12,-0.07,-0.01,0.13,-0.03,-0.01,0.02,0.00,-0.03,
951.75,-0.12,0.03,-0.01,-0.07,-0.07,0.01,0.14,-0.03,-0.01,-0.01,0.02,0.02,
952.15,-0.10,-0.02,-0.12,0.02,-0.03,-0.02,0.09,0.01,-0.06,-0.01,0.06,0.08,
952.54,-0.04,0.01,-0.04,0.02,-0.04,-0.04,0.04,0.09,-0.12,0.06,0.06,0.01,
952.94,-0.03,0.04,-0.03,0.00,-0.08,-0.03,0.02,0.08,-0.07,0.06,0.03,-0.03,
953.33,-0.04,0.06,-0.07,-0.04,-0.09,-0.02,0.03,0.02,-0.06,-0.01,0.01,-0.04,
953.73,-0.01,0.02,-0.12,-0.04,-0.12,-0.01,0.02,0.07,-0.03,-0.02,0.02,-0.01,
954.12,0.00,-0.01,-0.11,-0.02,-0.10,-0.05,0.07,0.09,0.07,0.01,0.01,-0.03,
954.51,-0.02,-0.05,-0.05,0.02,-0.05,-0.11,0.11,0.12,0.07,0.05,-0.01,-0.02,
954.91,-0.01,-0.08,-0.07,0.04,-0.01,-0.07,0.08,0.13,0.00,0.05,-0.02,0.02,
955.30,-0.10,-0.07,-0.05,0.05,0.01,-0.07,0.02,0.11,-0.05,0.12,-0.01,0.00,
955.70,-0.07,-0.02,0.02,0.12,0.02,-0.09,0.07,0.07,-0.01,0.10,-0.03,-0.03,
956.09,-0.04,0.02,-0.01,0.07,0.00,-0.03,0.09,0.02,-0.02,0.02,-0.03,-0.03,
956.49,-0.01,-0.03,-0.04,0.03,-0.03,-0.03,0.03,-0.04,-0.01,-0.03,0.00,-0.03,
956.88,-0.03,-0.11,-0.02,0.05,-0.04,-0.04,0.06,-0.05,0.01,-0.04,0.02,-0.04,
957.27,0.00,-0.17,-0.04,0.11,-0.02,-0.02,0.04,0.00,0.04,-0.04,0.02,0.00,
957.67,0.04,-0.14,-0.01,0.11,-0.01,-0.08,-0.03,0.08,0.04,-0.02,0.04,0.00,
958.06,0.06,-0.06,0.05,0.09,-0.03,-0.05,-0.08,0.08,0.03,0.00,0.03,-0.05,
958.46,0.03,-0.05,0.00,0.04,-0.02,-0.09,-0.04,0.00,0.07,-0.04,-0.01,-0.09,
958.85,0.02,-0.06,-0.01,0.04,0.02,-0.09,0.00,-0.03,0.10,-0.07,0.01,-0.05,
959.24,0.04,-0.07,-0.04,0.05,0.00,-0.11,0.02,0.02,0.11,-0.10,0.03,-0.01,
959.64,0.02,-0.11,0.00,0.02,0.02,-0.11,0.11,-0.04,0.14,-0.09,0.04,-0.10,
960.03,-0.01,-0.10,-0.02,0.05,0.04,-0.04,0.06,-0.03,0.05,-0.16,0.03,0.01,
960.42,-0.03,-0.10,-0.03,0.02,0.05,-0.01,0.00,-0.06,0.01,-0.10,0.06,-0.01,
960.82,-0.01,-0.04,0.04,0.05,0.05,-0.02,-0.01,-0.04,-0.01,-0.12,0.09,-0.06,
961.21,-0.01,-0.05,0.02,0.04,0.04,0.00,0.02,-0.12,0.01,-0.19,0.06,-0.08,
961.61,0.01,-0.07,-0.08,-0.02,0.02,0.01,-0.04,-0.12,0.01,-0.22,0.10,-0.10,
962.00,0.05,-0.12,-0.07,-0.01,-0.05,0.03,-0.05,-0.06,0.00,-0.23,0.13,-0.07,
962.39,0.04,-0.13,-0.11,0.02,-0.02,0.00,-0.04,0.04,0.05,-0.18,0.10,-0.06,
962.79,0.08,-0.12,-0.06,0.04,-0.02,-0.08,-0.04,0.10,0.03,-0.13,0.08,-0.04,
963.18,0.12,-0.07,-0.02,0.03,-0.04,-0.06,-0.07,0.10,0.01,-0.11,0.06,-0.05,
963.57,0.02,-0.05,-0.04,-0.01,-0.04,-0.04,-0.05,0.01,0.03,-0.06,0.04,-0.10,
963.97,0.01,-0.05,-0.04,-0.02,0.00,-0.07,-0.01,-0.01,0.09,-0.10,0.04,-0.11,
964.36,0.01,-0.02,-0.06,-0.05,-0.02,-0.05,0.04,-0.03,0.04,-0.09,0.10,-0.06,
964.75,0.01,-0.05,-0.02,-0.14,-0.02,-0.04,0.06,-0.04,0.04,-0.11,0.06,-0.12,
965.15,-0.03,-0.07,0.01,-0.08,0.03,0.02,0.10,-0.05,0.03,-0.08,0.07,-0.08,
965.54,-0.03,-0.10,-0.05,-0.03,0.05,0.03,0.02,-0.01,0.00,-0.08,0.04,-0.03,
965.93,0.02,-0.06,0.05,-0.05,0.03,0.00,-0.01,0.00,-0.02,0.01,0.03,-0.08,
966.32,0.02,0.00,0.03,-0.05,0.02,-0.01,0.00,-0.04,0.01,-0.06,0.02,-0.11,
966.72,0.05,-0.01,-0.04,-0.12,-0.01,-0.02,-0.02,-0.10,0.01,-0.08,0.03,-0.10,
967.11,0.08,-0.01,-0.04,-0.17,-0.07,0.00,-0.04,-0.05,0.03,-0.05,0.05,-0.05,
967.50,0.11,-0.06,0.00,-0.15,-0.05,-0.06,0.01,-0.01,0.07,-0.01,0.03,-0.03,
967.90,0.10,-0.07,-0.02,-0.06,0.00,-0.14,0.06,0.02,0.11,-0.02,0.00,-0.02,
968.29,0.11,-0.02,0.03,-0.08,0.03,-0.05,-0.01,0.03,0.05,-0.05,0.03,0.03,
968.68,0.01,0.01,0.05,-0.10,0.03,-0.04,-0.05,0.00,0.05,0.03,0.04,-0.01,
969.07,0.00,0.05,0.03,-0.01,0.06,-0.05,-0.04,-0.06,0.05,0.00,0.03,-0.06,
969.47,0.04,0.08,0.01,-0.02,0.05,-0.04,-0.01,-0.04,0.00,-0.04,0.05,-0.05,
969.86,0.02,0.04,0.03,-0.07,0.04,-0.01,-0.06,-0.05,-0.02,-0.04,0.07,-0.05,
970.25,0.02,0.00,0.05,-0.03,0.05,0.00,-0.06,-0.03,-0.02,-0.06,0.04,-0.04,
970.64,0.02,-0.06,0.01,0.05,0.06,0.01,-0.13,-0.01,-0.02,-0.02,0.09,0.03,
971.04,0.10,-0.05,0.05,0.05,0.05,-0.09,-0.17,0.07,-0.03,0.02,0.07,-0.01,
971.43,0.11,-0.02,0.11,0.02,-0.01,-0.10,-0.19,0.06,-0.04,0.03,0.07,-0.07,
971.82,0.07,-0.01,0.06,0.01,-0.02,-0.14,-0.16,0.01,-0.02,-0.03,0.07,-0.11,
972.21,0.10,-0.06,0.04,-0.01,0.00,-0.11,-0.18,0.04,0.04,-0.07,0.06,-0.06,
972.61,0.08,-0.12,0.02,-0.01,-0.02,-0.16,-0.15,0.09,0.09,-0.06,0.04,-0.06,
973.00,0.03,-0.13,0.08,0.01,0.02,-0.19,-0.04,0.02,0.11,-0.06,0.03,-0.09,
973.39,-0.02,-0.10,0.06,0.01,0.02,-0.13,-0.09,0.05,0.06,-0.12,0.04,-0.02,
973.78,-0.08,-0.15,0.11,-0.02,0.01,-0.10,-0.14,-0.01,0.00,-0.01,0.05,-0.08,
974.17,-0.08,-0.11,0.13,0.02,-0.02,-0.14,-0.12,-0.06,-0.02,0.03,0.01,-0.06,
974.57,-0.02,-0.06,0.06,0.00,-0.02,-0.09,-0.10,-0.11,-0.02,-0.05,0.01,-0.06,
974.96,0.00,-0.08,0.06,-0.11,-0.05,-0.10,-0.14,-0.09,-0.03,-0.05,0.02,-0.06,
975.35,0.02,-0.13,0.07,-0.13,-0.14,-0.08,-0.13,-0.08,-0.02,-0.07,0.02,-0.03,
975.74,0.08,-0.16,0.04,-0.07,-0.13,-0.08,-0.10,-0.01,0.05,-0.07,-0.02,-0.02,
976.13,0.14,-0.15,0.04,-0.03,-0.14,-0.16,-0.12,0.04,0.05,-0.05,-0.01,-0.04,
976.53,0.14,-0.05,0.11,-0.03,-0.14,-0.14,-0.14,0.07,0.02,-0.07,-0.03,-0.10,
976.92,0.02,-0.07,0.08,-0.09,-0.17,-0.12,-0.14,-0.02,0.03,-0.09,0.00,-0.12,
977.31,0.02,-0.05,0.02,-0.04,-0.09,-0.12,-0.09,-0.03,0.07,-0.12,0.02,-0.07,
977.70,0.02,-0.01,-0.03,-0.08,-0.10,-0.10,-0.05,-0.01,0.02,-0.12,0.01,-0.07,
978.09,0.05,-0.02,0.00,-0.11,-0.12,-0.11,0.04,-0.08,0.02,-0.05,0.02,-0.12,
978.48,0.01,0.02,0.04,-0.05,-0.10,-0.03,0.03,-0.08,0.00,-0.10,0.01,-0.02,
978.87,0.00,-0.03,-0.07,0.00,-0.05,0.01,-0.05,-0.02,-0.02,-0.04,0.00,-0.03,
979.27,0.07,-0.01,0.03,-0.01,-0.07,0.00,-0.08,-0.07,-0.01,0.01,0.01,-0.10,
979.66,0.08,0.07,0.00,-0.01,-0.07,-0.01,-0.08,-0.09,0.01,-0.04,0.04,-0.09,
980.05,0.08,0.08,-0.05,-0.07,-0.08,0.01,-0.08,-0.09,0.01,-0.10,0.05,-0.14,
980.44,0.12,0.02,-0.02,-0.08,-0.13,0.03,-0.07,-0.04,0.04,-0.13,0.03,-0.12,
980.83,0.12,-0.03,-0.01,-0.04,-0.13,0.03,-0.03,-0.04,0.10,-0.11,0.07,-0.10,
981.22,0.12,-0.02,-0.03,0.03,-0.07,-0.03,0.00,-0.04,0.12,-0.09,0.10,-0.10,
981.61,0.07,0.04,-0.02,0.03,-0.02,0.03,-0.03,-0.06,0.06,-0.07,0.10,-0.08,
982.00,-0.02,0.02,-0.03,0.01,0.01,0.04,-0.03,-0.11,0.04,-0.02,0.10,-0.10,
982.39,-0.02,0.01,-0.09,0.07,0.02,0.04,0.01,-0.16,0.06,-0.04,0.11,-0.11,
982.79,0.01,0.08,-0.14,0.06,0.06,0.08,0.06,-0.14,0.00,-0.06,0.12,-0.10,
983.18,0.08,0.02,-0.08,-0.06,-0.02,0.09,0.07,-0.19,-0.03,-0.02,0.10,-0.16,
983.57,0.09,-0.08,-0.04,-0.01,-0.04,0.10,0.10,-0.17,0.01,-0.02,0.10,-0.09,
983.96,0.08,-0.12,-0.07,0.07,-0.02,0.10,0.02,-0.09,-0.02,-0.03,0.13,-0.07,
984.35,0.15,-0.08,-0.02,0.07,0.00,0.07,0.01,-0.03,-0.04,-0.02,0.12,-0.11,
984.74,0.16,-0.04,0.07,0.03,-0.04,0.06,0.01,-0.08,-0.07,-0.06,0.15,-0.12,
985.13,0.17,-0.04,0.01,0.06,-0.06,0.04,0.02,-0.09,-0.07,-0.10,0.17,-0.09,
985.52,0.24,-0.09,0.01,0.02,-0.01,0.07,0.03,-0.03,-0.03,-0.12,0.15,-0.08,
985.91,0.25,-0.16,0.02,0.05,-0.05,0.03,0.10,0.01,0.03,-0.06,0.12,-0.06,
986.30,0.25,-0.17,0.04,0.08,-0.01,-0.02,0.18,0.04,0.04,0.02,0.13,-0.11,
986.69,0.20,-0.17,0.02,0.12,0.02,0.02,0.15,0.09,0.00,0.01,0.10,-0.09,
987.08,0.11,-0.21,0.02,0.12,0.01,0.03,0.10,0.07,-0.02,0.10,0.04,-0.11,
987.47,0.09,-0.13,0.06,0.16,-0.04,-0.03,0.17,0.00,-0.03,0.07,0.04,-0.12,
987.86,0.12,-0.07,0.04,0.12,-0.08,-0.01,0.19,-0.01,-0.03,0.00,0.04,-0.13,
988.25,0.13,-0.07,0.04,0.03,-0.10,-0.01,0.16,-0.02,-0.03,-0.03,0.03,-0.10,
988.64,0.11,-0.10,0.08,0.01,-0.18,0.00,0.17,-0.07,0.01,-0.03,0.02,-0.01,
989.03,0.06,-0.12,0.02,0.09,-0.17,0.00,0.10,-0.01,0.09,-0.07,0.07,0.03,
989.42,0.11,-0.04,0.08,0.10,-0.15,-0.04,0.02,0.08,0.03,-0.08,0.07,0.03,
989.81,0.09,0.04,0.08,0.06,-0.19,-0.04,0.00,0.04,0.00,-0.07,0.03,0.03,
990.20,-0.02,0.02,0.03,0.01,-0.21,-0.06,-0.01,-0.02,0.03,-0.02,0.00,0.03,
990.59,0.02,0.06,0.00,0.03,-0.14,-0.10,-0.02,0.01,0.07,-0.07,0.02,0.08,
990.98,-0.02,0.09,-0.02,-0.02,-0.14,-0.10,0.01,0.04,0.08,-0.04,-0.01,0.07,
991.37,-0.04,0.03,0.01,-0.07,-0.14,-0.12,0.10,-0.03,0.12,-0.01,-0.01,0.00,
991.76,-0.07,0.02,-0.01,-0.03,-0.13,-0.10,0.04,-0.01,0.09,-0.05,-0.02,0.10,
992.15,-0.12,0.01,-0.11,-0.01,-0.09,-0.08,-0.03,-0.05,0.03,-0.03,-0.02,0.12,
992.54,-0.09,0.04,-0.04,-0.04,-0.10,-0.08,0.00,-0.08,0.02,-0.02,-0.02,0.10,
992.93,-0.04,0.11,-0.03,-0.05,-0.10,-0.05,0.01,-0.11,0.02,-0.11,0.01,0.13,
993.32,0.01,0.04,-0.04,-0.11,-0.09,-0.04,-0.07,-0.08,0.02,-0.09,0.01,0.12,
993.71,0.04,-0.03,-0.05,-0.12,-0.12,0.02,-0.07,-0.08,0.06,-0.10,0.03,0.16,
994.10,0.04,-0.06,-0.06,-0.11,-0.14,-0.01,-0.07,-0.02,0.14,-0.03,0.02,0.15,
994.49,0.10,-0.07,-0.04,-0.06,-0.09,-0.07,-0.10,0.05,0.11,-0.02,0.01,0.10,
994.87,0.12,-0.03,0.01,-0.07,-0.06,-0.06,-0.10,0.06,0.03,0.02,-0.02,0.07,
995.26,0.00,-0.12,-0.05,-0.04,-0.05,-0.05,-0.07,-0.01,0.07,0.01,-0.02,0.03,
995.65,0.01,-0.11,-0.07,0.02,0.00,-0.07,-0.04,0.00,0.06,-0.01,-0.04,0.03,
996.04,0.04,-0.08,-0.06,-0.01,0.00,-0.05,0.01,0.01,0.02,-0.04,0.00,-0.01,
996.43,0.03,-0.15,-0.05,-0.08,-0.01,-0.03,0.08,-0.03,0.00,-0.05,-0.04,-0.05,
996.82,0.01,-0.18,-0.07,-0.04,-0.01,0.01,0.07,0.00,-0.02,-0.08,-0.04,-0.03,
997.21,-0.02,-0.16,-0.11,0.02,-0.01,0.03,0.02,0.03,-0.06,-0.07,-0.04,0.00,
997.60,0.04,-0.16,-0.06,0.03,0.01,0.03,-0.02,-0.01,-0.08,-0.03,-0.05,-0.07,
997.99,0.05,-0.13,-0.03,0.02,-0.05,0.02,-0.02,-0.02,-0.07,-0.05,-0.04,-0.07,
998.38,0.03,-0.10,-0.02,0.02,-0.06,0.00,-0.05,-0.03,-0.06,-0.06,-0.02,-0.06,
998.76,0.06,-0.11,-0.02,0.02,-0.08,0.02,-0.06,0.01,-0.03,-0.04,-0.04,-0.08,
999.15,0.05,-0.12,-0.03,0.02,-0.09,-0.02,-0.04,0.05,0.02,-0.02,-0.06,-0.07,
999.54,0.02,-0.13,-0.04,0.02,-0.06,-0.05,0.02,0.11,0.01,-0.01,-0.06,-0.05,
999.93,0.00,-0.11,-0.02,0.05,-0.03,0.02,-0.03,0.09,-0.07,-0.03,-0.06,-0.04,
1000.32,-0.07,-0.14,-0.01,0.06,-0.03,0.05,-0.02,0.08,-0.07,0.03,-0.06,-0.04,
1000.71,-0.10,-0.09,-0.03,0.10,-0.05,0.06,0.00,0.02,-0.06,0.00,-0.03,-0.05,
1001.09,-0.08,-0.02,-0.01,0.06,-0.06,0.08,0.02,0.03,-0.11,-0.01,-0.04,-0.02,
1001.48,-0.03,-0.02,0.00,0.00,-0.08,0.11,-0.01,0.02,-0.10,-0.01,-0.04,-0.06,
1001.87,-0.04,-0.07,-0.01,-0.02,-0.11,0.11,0.01,-0.02,-0.07,-0.02,-0.03,-0.02,
1002.26,-0.02,-0.05,-0.03,0.02,-0.10,0.11,-0.05,0.01,-0.05,-0.02,-0.01,0.01,
1002.65,0.02,-0.05,0.03,0.04,-0.09,0.10,-0.08,0.02,-0.08,0.03,0.01,0.00,
1003.03,0.02,-0.02,0.07,0.02,-0.08,0.10,-0.11,0.01,-0.07,0.03,0.01,-0.02,
1003.42,-0.02,0.01,0.07,0.01,-0.09,0.08,-0.10,0.00,-0.06,-0.02,0.03,-0.02,
1003.81,-0.01,0.01,0.10,-0.03,-0.04,0.07,-0.09,0.02,-0.03,-0.08,0.03,0.01,
1004.20,-0.02,0.03,0.07,-0.05,-0.03,0.06,-0.07,0.03,-0.01,-0.06,0.02,0.03,
1004.59,-0.04,0.00,0.08,-0.11,-0.02,0.02,0.00,0.04,0.02,-0.06,0.04,0.02,
1004.97,-0.04,-0.02,0.08,-0.07,0.01,0.06,-0.04,0.04,-0.02,-0.09,0.07,0.07,
1005.36,-0.09,-0.01,0.03,-0.04,0.02,0.08,-0.08,-0.03,-0.06,-0.02,0.05,-0.01,
1005.75,-0.10,0.00,0.11,-0.06,0.02,0.03,-0.06,-0.07,-0.07,0.02,0.05,-0.05,
1006.14,-0.07,0.08,0.08,-0.06,0.02,-0.02,-0.07,-0.10,-0.07,-0.06,0.06,-0.06,
1006.52,-0.02,0.08,0.05,-0.13,0.01,-0.05,-0.14,-0.07,-0.07,-0.09,0.06,-0.06,
1006.91,0.01,0.02,0.03,-0.17,-0.05,-0.06,-0.11,-0.08,-0.02,-0.09,0.04,-0.06,
1007.30,-0.06,-0.02,0.02,-0.10,-0.06,-0.08,-0.12,-0.05,0.07,-0.11,0.08,0.03,
1007.69,0.00,-0.01,0.02,-0.03,-0.02,-0.18,-0.16,0.05,0.00,-0.07,0.12,0.03,
1008.07,0.00,0.03,0.03,-0.04,-0.03,-0.18,-0.17,0.03,-0.04,-0.08,0.11,0.02,
1008.46,-0.08,-0.02,0.01,-0.07,-0.01,-0.20,-0.19,0.00,0.00,-0.09,0.14,-0.05,
1008.85,-0.07,-0.01,-0.03,0.01,-0.01,-0.23,-0.15,0.02,0.00,-0.14,0.15,0.01,
1009.23,-0.01,0.02,-0.11,-0.02,0.00,-0.23,-0.12,0.06,-0.06,-0.13,0.18,0.05,
1009.62,-0.02,-0.06,-0.11,-0.06,-0.04,-0.23,-0.04,0.01,-0.02,-0.06,0.16,0.01,
1010.01,-0.05,-0.15,-0.07,0.02,-0.01,-0.17,0.00,0.06,-0.04,-0.12,0.14,0.11,
1010.40,-0.08,-0.16,-0.19,0.08,-0.01,-0.11,-0.11,0.08,-0.11,-0.08,0.14,0.06,
1010.78,-0.06,-0.15,-0.10,0.06,0.00,-0.11,-0.09,0.00,-0.10,-0.05,0.13,-0.01,
1011.17,-0.05,-0.14,-0.05,0.03,0.00,-0.12,-0.12,-0.03,-0.09,-0.10,0.17,0.04,
1011.56,0.03,-0.13,-0.11,0.00,-0.07,-0.13,-0.14,-0.03,-0.07,-0.14,0.16,0.07,
1011.94,0.07,-0.17,-0.15,-0.01,-0.01,-0.05,-0.12,-0.01,-0.01,-0.15,0.16,0.09,
1012.33,0.08,-0.24,-0.14,0.00,-0.04,-0.07,-0.01,0.01,0.09,-0.07,0.08,0.12,
1012.72,0.12,-0.25,-0.12,0.05,0.03,-0.14,0.04,0.12,0.10,-0.03,0.11,0.10,
1013.10,0.19,-0.22,-0.07,0.07,0.11,-0.04,0.03,0.14,0.03,0.04,0.07,0.06,
1013.49,0.07,-0.27,-0.06,0.08,0.07,0.01,0.00,0.06,0.07,0.11,0.08,-0.01,
1013.87,0.09,-0.23,-0.01,0.14,0.03,0.03,0.07,0.04,0.11,0.13,0.09,-0.01,
1014.26,0.13,-0.10,-0.04,0.14,-0.01,0.07,0.14,0.01,0.03,0.12,0.06,0.04,
1014.65,0.16,-0.06,-0.03,-0.06,-0.03,0.09,0.20,-0.03,0.04,0.15,0.01,-0.07,
1015.03,0.10,-0.13,-0.03,-0.06,-0.09,0.13,0.22,-0.03,0.12,0.12,-0.01,0.00,
1015.42,0.09,-0.13,-0.10,0.04,-0.10,0.15,0.13,0.03,0.07,0.12,-0.03,0.04,
1015.81,0.21,-0.03,-0.06,0.02,-0.09,0.11,0.09,0.06,0.00,0.18,-0.02,-0.03,
1016.19,0.18,0.00,0.02,0.00,-0.15,0.08,0.06,0.03,-0.02,0.11,-0.02,-0.09,
1016.58,0.22,0.05,-0.06,0.00,-0.22,0.05,0.03,0.05,0.02,0.08,0.00,-0.08,
1016.96,0.28,0.06,-0.14,0.06,-0.14,0.06,0.05,0.08,0.06,0.00,0.00,-0.08,
1017.35,0.25,0.17,-0.16,0.06,-0.13,0.05,0.09,0.13,0.09,0.02,-0.03,-0.08,
1017.73,0.22,0.11,-0.11,0.03,-0.14,-0.03,0.17,0.17,0.11,0.02,0.02,-0.10,
1018.12,0.16,0.10,-0.11,0.10,-0.11,0.08,0.13,0.22,0.06,-0.10,0.08,-0.03,
1018.51,0.02,0.05,-0.16,0.11,-0.10,0.10,0.00,0.16,0.00,0.03,0.05,-0.03,
1018.89,0.00,0.05,-0.08,0.05,-0.15,0.08,0.03,0.11,-0.05,-0.02,0.11,-0.05,
1019.28,0.00,0.13,-0.15,0.02,-0.08,0.08,0.08,0.05,-0.08,-0.10,0.12,-0.02,
1019.66,-0.02,0.12,-0.20,-0.08,-0.12,0.12,-0.05,0.00,-0.13,-0.17,0.10,-0.03,
1020.05,-0.02,0.00,-0.18,-0.15,-0.18,0.10,-0.05,0.00,-0.10,-0.17,0.07,-0.03,
1020.43,0.00,-0.08,-0.19,-0.03,-0.20,0.08,-0.07,0.07,0.02,-0.17,0.12,0.07,
1020.82,0.09,-0.09,-0.14,0.05,-0.14,-0.05,-0.09,0.17,-0.09,-0.17,0.12,0.03,
1021.20,0.05,-0.03,-0.05,-0.05,-0.10,0.00,-0.12,0.10,-0.10,-0.21,0.15,-0.02,
1021.59,0.00,-0.14,-0.09,-0.09,-0.09,-0.09,-0.14,0.00,-0.05,-0.24,0.26,-0.09,
1021.97,0.03,-0.07,-0.14,0.00,-0.03,-0.12,-0.09,0.02,-0.03,-0.30,0.24,0.05,
1022.36,0.02,0.00,-0.12,-0.07,0.00,-0.11,-0.05,0.07,-0.16,-0.33,0.19,0.05,
1022.74,0.00,-0.09,0.02,-0.21,-0.11,-0.16,0.05,0.02,-0.11,-0.30,0.19,-0.04,
1023.13,-0.07,-0.25,0.02,-0.16,-0.07,-0.05,0.07,0.04,-0.16,-0.37,0.21,0.12,
1023.51,-0.11,-0.30,-0.07,-0.11,-0.09,0.05,-0.07,0.00,-0.27,-0.29,0.16,0.09,
1023.90,-0.11,-0.27,0.13,-0.13,-0.07,-0.02,-0.09,-0.05,-0.29,-0.23,0.14,0.02,
1024.28,-0.13,-0.18,0.18,-0.18,-0.07,0.02,-0.11,-0.16,-0.29,-0.31,0.20,-0.04,
1024.67,-0.11,-0.15,0.07,-0.16,-0.11,-0.05,-0.20,-0.11,-0.24,-0.38,0.18,-0.04,
1025.05,-0.02,-0.17,0.11,-0.24,-0.13,-0.02,-0.15,-0.02,-0.15,-0.39,0.06,0.00,
1025.44,-0.04,-0.20,0.15,-0.22,-0.11,-0.07,0.04,0.13,0.07,-0.28,0.04,0.02,
1025.82,0.00,-0.19,0.17,-0.11,-0.02,-0.22,0.13,0.28,0.09,-0.26,0.13,0.00,
1026.21,0.00,-0.19,0.23,-0.02,-0.02,-0.08,0.04,0.26,-0.04,-0.24,0.11,-0.08,
1026.59,-0.17,-0.21,0.23,-0.06,-0.06,-0.04,-0.02,0.11,-0.02,-0.06,0.21,-0.15,
1026.97,-0.15,-0.15,0.21,0.13,-0.06,-0.02,0.04,0.11,0.02,-0.11,0.23,-0.17,
1027.36,-0.15,0.00,0.15,0.10,-0.12,0.04,0.08,0.13,-0.04,-0.12,0.15,-0.12,
1027.74,-0.08,-0.06,0.17,-0.06,-0.10,0.10,0.16,0.12,-0.04,-0.12,0.14,-0.23,
1028.13,-0.16,-0.20,0.20,-0.06,-0.20,0.08,0.21,0.10,0.10,-0.16,0.14,-0.10,
1028.51,-0.20,-0.18,0.04,0.06,-0.08,0.12,0.16,0.12,0.06,-0.06,0.14,-0.06,
1028.89,-0.10,-0.10,0.10,0.06,-0.06,0.08,0.06,0.10,-0.04,0.00,0.10,-0.18,
1029.28,-0.12,-0.02,0.22,0.00,-0.02,0.00,0.08,0.02,-0.02,-0.06,0.08,-0.24,
1029.66,-0.04,0.04,0.14,-0.06,-0.04,-0.06,0.02,-0.06,0.08,-0.06,0.08,-0.24,
1030.05,0.06,0.02,0.06,-0.06,-0.02,-0.04,0.06,0.02,0.14,-0.18,0.02,-0.16,
1030.43,0.06,0.08,0.06,-0.12,0.06,-0.08,0.12,0.02,0.23,-0.14,0.00,-0.10,
1030.81,0.08,-0.02,0.10,-0.08,0.06,-0.19,0.23,0.10,0.23,-0.12,0.04,-0.10,
1031.20,0.10,-0.04,0.08,0.06,0.08,-0.04,0.19,0.06,0.08,-0.06,0.06,-0.06,
1031.58,-0.08,-0.08,-0.04,0.06,0.08,0.04,0.04,-0.02,0.00,0.13,-0.04,-0.08,
1031.96,-0.06,-0.06,-0.04,0.02,0.13,-0.04,0.04,-0.11,0.02,0.09,-0.04,-0.09,
1032.35,0.02,0.02,-0.15,0.02,0.15,0.00,0.09,-0.02,0.00,-0.11,-0.11,-0.04,
1032.73,0.04,0.04,-0.26,-0.15,0.19,-0.06,0.13,-0.04,-0.02,-0.09,-0.11,-0.04,
1033.11,0.00,-0.07,-0.20,-0.17,0.15,-0.09,0.20,-0.07,0.02,-0.15,-0.20,-0.04,
1033.50,-0.07,-0.13,-0.13,-0.11,0.09,-0.04,0.11,0.00,0.18,-0.13,-0.18,0.09,
1033.88,0.11,-0.09,-0.04,-0.04,0.15,-0.20,0.04,0.15,0.04,0.00,-0.20,-0.02,
1034.26,0.13,-0.02,0.04,-0.11,0.11,-0.20,-0.07,0.07,0.04,0.00,-0.13,-0.07,
1034.65,0.07,-0.11,0.04,-0.18,0.09,-0.29,-0.07,0.02,0.16,-0.07,-0.16,0.00,
1035.03,0.16,-0.07,-0.02,-0.07,0.09,-0.25,-0.09,0.11,0.25,-0.18,-0.14,0.09,
1035.41,0.11,0.05,-0.07,-0.11,0.09,-0.25,0.00,0.20,0.18,-0.14,-0.16,0.16,
1035.79,0.11,-0.02,0.02,-0.21,0.05,-0.25,0.21,0.21,0.23,-0.05,-0.14,0.07,
1036.18,0.02,-0.14,0.02,-0.07,0.02,-0.11,0.21,0.25,0.16,-0.11,-0.09,0.11,
1036.56,-0.16,-0.14,-0.12,0.02,0.05,-0.05,-0.02,0.12,0.07,0.07,-0.12,0.07,
1036.94,-0.12,-0.09,0.07,-0.05,0.02,-0.14,-0.07,0.05,0.00,0.00,-0.07,-0.05,
1037.32,0.00,-0.02,0.12,-0.12,0.00,-0.16,0.00,0.00,0.00,-0.24,-0.02,-0.02,
1037.71,0.00,0.05,0.12,-0.14,-0.02,-0.17,-0.02,-0.07,0.00,-0.33,-0.05,-0.02,
1038.09,-0.05,0.00,0.21,-0.19,-0.05,-0.12,0.02,-0.12,0.10,-0.33,-0.07,0.07,
1038.47,-0.02,-0.12,0.34,-0.12,-0.10,-0.14,-0.02,-0.02,0.26,-0.29,-0.07,0.10,
1038.85,0.12,-0.19,0.36,0.00,-0.10,-0.31,0.00,0.12,0.24,-0.22,0.02,0.15,
1039.24,0.12,-0.15,0.39,0.05,-0.02,-0.37,-0.07,-0.02,0.07,-0.20,0.05,0.07,
1039.62,0.05,-0.30,0.32,0.05,0.00,-0.30,-0.05,-0.15,0.12,-0.05,0.17,0.02,
1040.00,0.07,-0.27,0.30,0.25,-0.02,-0.22,0.10,-0.10,0.12,-0.17,0.12,0.20,
1040.38,0.05,0.00,0.18,0.23,-0.03,-0.25,0.23,-0.05,-0.08,-0.15,0.15,0.05,
1040.76,0.03,-0.10,0.23,0.03,-0.13,-0.23,0.38,-0.18,-0.05,-0.10,0.20,-0.10,
1041.15,-0.05,-0.26,0.21,0.10,-0.26,-0.13,0.39,-0.15,-0.10,-0.23,0.28,0.08,
1041.53,-0.18,-0.34,0.08,0.23,-0.21,-0.08,0.18,-0.21,-0.13,-0.21,0.23,0.10,
1041.91,-0.11,-0.26,0.32,0.21,-0.24,-0.24,0.13,-0.37,-0.29,-0.11,0.18,0.05,
1042.29,-0.13,-0.11,0.42,0.16,-0.29,-0.21,0.16,-0.45,-0.27,-0.24,0.27,-0.05,
1042.67,-0.16,-0.11,0.29,0.05,-0.35,-0.16,0.03,-0.46,-0.16,-0.29,0.24,0.05,
1043.05,-0.05,-0.08,0.32,0.14,-0.32,-0.11,0.03,-0.38,-0.05,-0.30,0.14,0.05,
1043.44,-0.11,-0.03,0.30,0.05,-0.38,-0.11,0.11,-0.33,0.08,-0.22,0.25,0.14,
1043.82,-0.06,-0.11,0.22,0.14,-0.44,-0.19,0.28,-0.08,0.17,-0.14,0.28,0.06,
1044.20,-0.06,-0.06,0.22,0.22,-0.44,-0.06,0.19,-0.17,0.00,-0.06,0.25,0.06,
1044.58,-0.28,-0.06,0.11,0.22,-0.42,0.00,0.08,-0.39,-0.08,0.20,0.22,-0.11,
1044.96,-0.28,0.09,0.14,0.31,-0.48,0.09,0.14,-0.34,-0.09,0.14,0.20,-0.06,
1045.34,-0.29,0.31,0.09,0.23,-0.54,0.14,0.20,-0.40,-0.17,-0.09,0.14,-0.09,
1045.72,-0.26,0.29,0.03,-0.06,-0.58,0.06,0.20,-0.46,-0.23,-0.09,0.12,-0.29,
1046.10,-0.38,0.09,0.09,-0.06,-0.75,0.17,0.12,-0.38,-0.06,-0.26,0.12,-0.12,
1046.48,-0.41,0.03,0.06,0.12,-0.70,0.20,0.09,-0.26,0.09,-0.15,0.06,-0.06,
1046.87,-0.26,0.03,0.15,0.32,-0.59,-0.03,-0.06,-0.24,-0.06,-0.09,0.00,-0.18,
1047.25,-0.21,0.18,0.30,0.24,-0.53,-0.03,-0.12,-0.24,-0.12,-0.15,0.00,-0.24,
1047.63,-0.15,0.09,0.09,0.24,-0.42,-0.03,-0.27,-0.21,0.06,-0.27,0.12,-0.21,
1048.01,0.03,0.09,0.00,0.45,-0.36,0.09,-0.24,-0.03,0.12,-0.36,0.00,-0.12,
1048.39,-0.03,0.33,0.00,0.39,-0.27,-0.06,-0.12,0.09,0.12,-0.39,-0.03,-0.09,
1048.77,0.03,0.24,0.12,0.24,-0.30,-0.09,0.00,0.15,0.18,-0.30,0.03,-0.03,
1049.15,0.06,0.09,0.15,0.43,-0.24,0.12,-0.06,0.28,0.06,-0.37,-0.03,0.06,
1049.53,-0.19,-0.06,0.06,0.49,-0.15,0.06,-0.28,0.12,-0.15,-0.19,-0.03,-0.06,
1049.91,-0.16,0.09,0.19,0.47,-0.03,0.03,-0.28,0.09,-0.12,-0.19,-0.06,-0.12,
1050.29,-0.16,0.16,0.25,0.44,-0.03,0.22,-0.28,0.06,-0.06,-0.44,-0.03,-0.06,
1050.67,-0.16,0.06,0.13,0.25,0.00,0.19,-0.41,0.09,-0.03,-0.44,-0.06,-0.13,
1051.05,-0.22,0.00,0.29,0.16,-0.06,0.16,-0.35,0.13,0.00,-0.51,-0.06,-0.06,
1051.43,-0.16,-0.10,0.39,0.35,-0.10,0.19,-0.42,0.19,0.35,-0.45,-0.10,0.16,
1051.81,0.13,-0.10,0.42,0.52,0.00,-0.13,-0.52,0.36,0.23,-0.39,-0.10,0.03,
1052.19,0.20,-0.03,0.46,0.46,0.10,-0.10,-0.72,0.20,0.03,-0.30,-0.03,-0.03,
1052.57,0.20,-0.10,0.36,0.33,0.03,-0.03,-0.76,0.10,0.17,-0.23,0.03,-0.17,
1052.95,0.27,-0.03,0.34,0.64,0.00,0.07,-0.70,0.27,0.20,-0.34,0.10,-0.10,
1053.33,0.24,0.14,0.24,0.51,-0.14,0.00,-0.37,0.37,0.00,-0.17,0.07,-0.10,
1053.71,0.21,0.03,0.31,0.10,-0.17,-0.07,-0.14,0.14,0.10,-0.10,0.07,-0.27,
1054.09,0.17,-0.24,0.17,0.14,-0.28,0.17,-0.07,0.24,0.00,-0.17,0.17,-0.03,
1054.47,-0.14,-0.39,-0.11,0.21,-0.18,0.18,-0.21,0.18,-0.04,0.00,0.14,-0.25,
1054.85,-0.21,-0.36,0.14,0.14,-0.21,0.07,-0.18,-0.04,-0.11,0.11,0.18,-0.53,
1055.23,0.00,-0.11,0.18,0.00,-0.29,0.11,-0.18,-0.07,-0.11,-0.11,0.00,-0.47,
1055.60,0.04,-0.15,0.07,-0.18,-0.47,0.18,-0.29,-0.07,-0.18,-0.40,0.00,-0.40,
1055.98,0.15,-0.07,0.04,-0.18,-0.29,0.07,-0.22,-0.07,-0.11,-0.51,-0.04,-0.37,
1056.36,0.22,-0.15,0.11,-0.19,-0.41,0.00,-0.04,0.00,0.07,-0.41,-0.11,-0.26,
1056.74,0.49,-0.34,0.11,0.04,-0.30,-0.11,-0.04,0.30,0.26,-0.23,0.00,-0.26,
1057.12,0.46,-0.23,0.72,0.08,-0.19,-0.04,-0.23,0.34,0.00,-0.08,0.00,-0.34,
1057.50,0.15,-0.35,0.89,0.08,-0.15,0.04,-0.27,0.08,-0.15,0.19,0.04,-0.42,
1057.88,0.12,-0.23,0.78,0.19,-0.23,0.08,-0.12,0.23,-0.08,0.08,0.00,-0.39,
1058.26,0.00,0.00,0.87,0.12,-0.12,0.24,0.20,0.28,-0.20,0.04,-0.08,-0.32,
1058.64,-0.12,0.04,0.88,-0.44,-0.16,0.12,0.32,0.08,-0.28,0.20,-0.20,-0.48,
1059.01,-0.20,-0.20,0.76,-0.44,-0.36,0.36,0.16,0.20,-0.16,-0.04,-0.32,-0.24,
1059.39,-0.41,-0.20,0.73,-0.20,-0.45,0.41,-0.08,0.24,-0.20,0.00,-0.32,-0.20,
1059.77,-0.20,-0.16,1.06,-0.04,-0.33,0.00,-0.33,0.20,-0.33,0.08,-0.45,-0.29,
1060.15,-0.21,0.04,1.24,-0.17,-0.33,0.08,-0.45,0.12,-0.50,0.08,-0.45,-0.37,
1060.53,-0.04,0.08,1.04,-0.21,-0.25,0.04,-0.75,0.08,-0.33,0.00,-0.42,-0.21,
1060.91,-0.04,0.04,1.01,-0.04,-0.21,0.25,-0.71,0.17,-0.21,-0.13,-0.34,-0.25,
1061.28,-0.13,0.25,0.93,0.04,-0.04,0.08,-0.51,0.34,0.00,0.08,-0.30,-0.13,
1061.66,-0.17,0.00,1.07,-0.04,-0.13,0.00,-0.26,0.68,0.13,0.30,-0.09,-0.04,
1062.04,-0.09,0.00,1.08,0.09,-0.04,0.30,-0.47,0.69,-0.09,0.26,-0.17,0.00,
1062.42,-0.43,0.00,1.00,0.00,0.00,0.39,-0.57,0.43,-0.30,0.39,-0.22,-0.26,
1062.80,-0.48,0.09,0.31,-0.09,0.04,0.39,-0.53,0.26,-0.39,0.31,-0.18,-0.22,
1063.17,-0.35,0.31,0.04,-0.31,-0.09,0.62,-0.31,0.13,-0.31,0.04,-0.04,-0.18,
1063.55,-0.36,0.45,0.00,-0.54,-0.18,0.62,-0.13,-0.09,-0.40,-0.13,-0.13,-0.27,
1063.93,-0.36,0.18,0.00,-0.68,-0.23,0.63,-0.14,0.00,-0.27,-0.23,-0.23,-0.18,
1064.31,-0.23,0.05,-0.09,-0.32,-0.32,0.59,-0.18,0.00,0.14,-0.32,-0.05,-0.05,
1064.68,0.05,0.00,0.18,-0.18,-0.05,0.18,-0.14,0.00,0.00,-0.09,-0.05,-0.23,
1065.06,0.19,0.19,0.37,-0.19,0.09,0.09,-0.28,-0.09,-0.05,-0.14,-0.19,-0.42,
1065.44,0.09,0.00,0.28,-0.23,0.09,0.28,-0.19,-0.28,0.19,-0.19,0.19,-0.61,
1065.82,0.28,0.14,0.14,0.19,0.00,0.38,-0.05,-0.19,0.42,-0.47,0.14,-0.47,
1066.19,0.14,0.43,0.24,0.19,-0.05,0.24,0.29,-0.05,0.24,-0.52,0.05,-0.52,
1066.57,0.10,0.29,0.29,-0.19,-0.19,0.19,0.58,-0.24,0.34,-0.43,0.05,-0.63,
1066.95,0.10,-0.05,0.15,-0.10,-0.34,0.49,0.59,-0.20,0.10,-0.63,0.15,-0.29,
1067.32,-0.10,-0.15,-0.39,0.10,-0.35,0.54,0.15,-0.39,-0.20,-0.30,-0.10,-0.54,
1067.70,-0.15,0.05,-0.25,0.05,-0.40,0.20,0.15,-0.55,-0.30,-0.40,0.10,-0.75,
1068.08,-0.10,0.15,-0.55,0.05,-0.60,0.20,0.30,-0.65,-0.40,-0.65,0.05,-0.65,
1068.45,-0.05,0.15,-0.81,-0.10,-0.76,0.36,0.31,-0.51,-0.31,-0.81,0.10,-0.76,
1068.83,0.15,0.15,-0.62,-0.05,-0.46,0.15,0.41,-0.46,-0.10,-0.72,-0.15,-0.77,
1069.21,0.16,-0.05,-0.47,0.00,-0.42,0.00,0.21,-0.26,0.42,-0.62,0.00,-0.52,
1069.58,0.47,-0.05,-0.47,0.32,-0.37,-0.21,0.26,0.11,0.32,-0.47,0.16,-0.53,
1069.96,0.43,0.00,-0.21,0.32,-0.27,-0.27,-0.11,0.11,0.05,-0.32,0.16,-0.64,
1070.34,0.27,0.00,-0.27,0.32,-0.16,-0.05,-0.22,0.00,0.16,-0.16,0.43,-0.81,
1070.71,0.16,0.16,-0.54,0.54,-0.33,0.00,0.05,0.16,0.27,-0.27,0.71,-0.54,
1071.09,0.16,0.60,-0.71,0.38,-0.38,0.00,0.27,0.33,-0.16,-0.38,0.49,-0.55,
1071.47,0.11,0.61,-0.50,-0.22,-0.33,-0.11,0.44,0.06,-0.17,-0.22,0.55,-0.67,
1071.84,0.11,0.28,-0.67,-0.17,-0.50,0.22,0.45,0.06,-0.11,-0.34,0.62,-0.28,
1072.22,-0.28,0.28,-0.96,0.28,-0.62,0.11,0.11,0.11,-0.17,0.06,0.62,-0.28,
1072.59,-0.06,0.23,-0.63,0.34,-0.57,-0.46,-0.23,0.11,-0.40,0.34,0.46,-0.80,
1072.97,-0.11,0.46,-0.17,0.11,-0.57,-0.29,-0.11,-0.17,-0.46,0.23,0.69,-0.74,
1073.35,0.06,0.35,-0.29,-0.06,-0.40,-0.17,-0.29,-0.06,-0.17,0.12,0.58,-0.69,
1073.72,0.23,0.47,0.06,0.12,-0.17,0.00,-0.35,-0.12,0.17,0.12,0.47,-0.58,
1074.10,0.24,0.59,0.29,0.06,0.00,-0.12,-0.18,0.00,0.35,0.29,0.24,-0.47,
1074.47,0.36,0.36,0.24,-0.06,-0.12,-0.06,0.00,0.47,0.53,0.06,0.42,-0.42,
1074.85,0.30,0.30,0.30,0.48,-0.24,0.24,-0.18,0.48,0.06,0.00,0.42,-0.48,
1075.22,-0.12,0.30,0.24,0.30,-0.12,0.24,-0.48,0.24,-0.18,0.42,0.24,-0.78,
1075.60,-0.18,0.49,0.12,0.30,-0.12,0.42,-0.30,0.00,-0.18,0.12,0.36,-0.67,
1075.97,-0.06,0.61,0.12,0.31,-0.24,0.61,-0.06,-0.12,-0.37,-0.06,0.18,-0.61,
1076.35,0.06,0.43,0.49,-0.12,-0.25,0.74,-0.18,-0.25,-0.31,-0.06,-0.06,-0.98,
1076.72,-0.06,0.06,0.50,-0.19,-0.19,0.62,-0.31,-0.31,-0.12,-0.06,-0.25,-0.56,
1077.10,0.13,-0.19,0.31,0.06,-0.31,0.50,-0.31,-0.13,0.38,0.00,-0.38,-0.38,
1077.47,0.44,-0.19,0.76,0.19,-0.19,-0.06,-0.57,0.13,0.32,0.32,-0.44,-0.76,
1077.85,0.83,-0.19,1.02,-0.06,0.06,0.00,-0.70,0.00,0.13,0.13,-0.45,-0.89,
1078.22,0.71,-0.06,0.84,-0.19,0.19,0.19,-0.71,-0.19,0.45,-0.13,-0.19,-0.77,
1078.60,0.97,0.06,0.65,0.32,0.13,0.32,-0.58,0.13,0.91,-0.52,-0.39,-0.78,
1078.97,0.85,0.52,0.52,0.13,0.26,0.26,-0.20,0.33,0.52,-0.33,-0.20,-0.79,
1079.35,0.93,0.13,0.53,-0.20,0.20,0.20,0.13,0.46,0.73,-0.40,-0.07,-0.73,
1079.72,0.74,-0.40,0.47,0.13,0.13,0.54,0.07,0.60,0.47,-0.67,0.07,-0.54,
1080.10,0.20,-0.54,0.34,0.41,0.27,0.68,-0.34,0.14,0.07,-0.14,-0.34,-0.75,
1080.47,0.14,-0.48,0.48,0.07,0.48,0.34,-0.34,0.00,-0.14,0.07,-0.27,-0.82,
1080.84,0.21,-0.41,0.21,-0.07,0.14,0.48,-0.21,-0.28,-0.21,-0.41,-0.28,-0.48,
1081.22,0.07,-0.28,0.14,-0.21,-0.07,0.42,0.00,-0.14,-0.21,-0.49,-0.42,-0.56,
1081.59,0.14,-0.28,-0.14,-0.49,0.14,0.21,0.07,-0.14,-0.14,-0.35,-0.42,-0.35,
1081.97,0.00,-0.72,-0.36,-0.29,0.07,0.07,0.14,0.07,0.22,-0.22,-0.14,0.14,
1082.34,0.65,-0.58,-0.07,-0.07,-0.07,-0.22,0.07,0.51,0.15,-0.15,-0.22,0.07,
1082.71,0.66,-0.44,-0.07,0.22,0.15,-0.15,-0.37,0.59,-0.37,0.00,-0.07,0.07,
1083.09,0.37,-0.89,-0.22,0.15,0.22,0.15,-0.45,0.30,-0.45,0.15,0.60,0.07,
1083.46,0.38,-0.60,-0.38,0.76,0.15,0.38,-0.30,0.08,-0.15,-0.38,0.38,0.30,
1083.83,0.31,-0.46,-0.53,0.53,0.08,0.61,0.08,0.23,-0.53,-0.38,0.23,0.15,
1084.21,0.23,-0.77,-0.31,-0.15,0.08,0.31,0.54,-0.23,-0.54,0.00,0.15,0.00,
1084.58,0.08,-1.41,-0.16,-0.08,-0.31,0.55,0.39,-0.31,-0.23,-0.39,0.00,0.47,
1084.95,-0.40,-1.58,-0.32,0.40,-0.24,0.55,-0.40,-0.32,-0.16,0.00,-0.24,0.24,
1085.33,0.08,-1.44,0.08,0.40,-0.40,-0.08,-0.56,-0.48,-0.48,0.40,-0.40,-0.24,
1085.70,0.08,-0.89,0.00,0.00,-0.49,-0.24,-0.49,-0.57,-0.40,0.00,0.16,0.00,
1086.07,0.25,-0.74,-0.41,-0.25,-0.25,-0.25,-0.82,-0.49,0.16,-0.16,0.16,-0.25,
1086.45,0.50,-0.74,-0.33,0.33,-0.08,0.08,-0.66,-0.17,0.25,-0.25,0.00,-0.25,
1086.82,0.84,-1.00,-0.17,0.25,0.17,-0.17,-0.75,0.17,0.50,0.25,-0.08,-0.17,
1087.19,0.85,-1.10,0.00,0.34,-0.08,-0.25,-0.51,0.68,0.93,0.17,-0.08,-0.17,
1087.57,1.03,-1.20,0.09,0.77,0.09,0.17,-1.11,0.77,0.51,0.26,-0.17,-0.69,
1087.94,0.09,-1.47,0.00,0.95,0.17,0.35,-1.12,0.52,0.35,0.61,0.00,-1.12,
1088.31,0.00,-1.31,-0.26,0.96,0.09,0.44,-0.87,0.17,0.17,0.26,0.09,-1.05,
1088.68,-0.18,-0.44,-0.44,0.62,-0.18,0.70,-0.53,0.26,-0.09,-0.18,-0.53,-1.06,
1089.06,0.00,-0.27,-0.35,0.00,-0.27,0.62,-0.18,0.18,-0.35,0.09,-0.53,-1.60,
1089.43,-0.18,-0.54,-0.09,-0.18,-0.27,0.45,-0.09,0.27,0.09,-0.18,-0.54,-0.81,
1089.80,-0.18,-0.73,-0.45,0.27,-0.36,0.36,-1.00,0.82,0.73,-0.09,-0.36,-0.64,
1090.17,0.37,-0.46,0.09,0.55,-0.18,-0.37,-1.47,1.10,0.00,0.28,-0.64,-0.92,
1090.54,0.65,0.37,0.00,0.46,-0.28,-0.65,-1.20,0.74,-0.28,0.09,-0.37,-0.74,
1090.92,0.28,0.47,-0.09,0.47,-0.09,-0.56,-1.40,0.66,0.00,-0.37,-0.09,-0.66,
1091.29,0.38,0.66,0.00,1.23,-0.09,-0.47,-1.13,0.76,0.38,-0.47,-0.38,-0.57,
1091.66,0.10,0.95,0.38,1.24,-0.38,-0.38,-0.48,0.86,0.29,-0.19,-0.67,-0.57,
1092.03,0.00,0.67,0.77,0.19,-0.48,-0.58,-0.29,0.86,0.67,-0.48,-0.58,-0.19,
1092.40,-0.19,0.58,0.87,0.48,-0.78,0.19,-0.29,1.07,0.78,-0.78,-0.58,-0.39,
1092.78,-0.78,0.59,0.78,0.59,-0.69,0.29,-0.88,0.69,0.20,-0.10,-0.78,-0.69,
1093.15,-0.99,1.18,0.89,0.00,-0.89,0.20,-0.69,0.10,-0.20,-0.20,-0.79,-0.49,
1093.52,-0.80,1.59,0.70,-0.10,-0.80,0.30,-0.50,-0.30,-0.20,-0.90,-0.99,-0.40,
1093.89,-0.60,1.51,0.80,-0.40,-0.80,0.40,-0.30,-0.30,-0.10,-0.91,-1.11,-1.11,
1094.26,-0.61,1.01,0.61,-0.51,-0.41,0.51,-0.10,-0.61,0.20,-0.91,-1.22,-0.41,
1094.63,-0.72,0.41,0.00,-0.51,-0.41,0.00,-0.41,0.00,0.92,-0.72,-1.44,0.00,
1095.00,0.00,0.42,0.42,-0.31,-0.21,-0.52,-0.62,0.62,0.52,-0.31,-1.56,-0.52,
1095.37,0.00,0.74,0.74,0.10,-0.21,-0.32,-0.63,0.42,-0.10,-0.10,-1.26,-0.74,
1095.75,-0.42,0.64,0.42,-0.32,0.00,-0.21,-1.06,0.11,0.00,-0.42,-0.53,-0.74,
1096.12,-0.75,0.64,0.43,-0.11,0.00,0.11,-0.64,0.54,0.21,-0.75,-0.64,-0.54,
1096.49,-0.65,1.30,0.00,-0.11,0.11,0.54,-0.11,0.43,-0.22,-0.43,-0.65,-0.43,
1096.86,-0.44,0.44,0.22,-1.09,0.22,0.44,0.44,0.00,-0.11,-0.44,-0.55,-0.55,
1097.23,-0.44,-0.22,-0.11,-1.33,-0.55,0.88,0.33,0.22,0.00,-0.99,-0.33,0.00,
1097.60,-1.01,-0.45,-0.45,-0.90,-0.22,0.79,-0.11,0.00,-0.22,-0.22,-0.34,-0.79,
1097.97,-0.91,-0.34,-0.34,-0.57,0.00,-0.45,-0.68,-0.79,-1.02,0.11,-0.23,-0.79,
1098.34,-0.57,-0.34,-0.34,-0.80,0.46,-0.34,-0.11,-1.61,-0.80,-0.34,0.11,-0.46,
1098.71,-0.47,-0.47,-0.58,-0.81,0.47,-0.47,-0.47,-1.40,-0.35,-0.81,0.12,-1.05,
1099.08,-0.35,-0.94,-0.71,-0.59,0.71,-0.47,-0.12,-1.18,-0.12,-0.47,0.00,-0.59,
1099.45,-0.36,-1.43,-0.95,-0.48,0.72,-0.72,-0.36,-0.72,0.12,-0.12,0.36,-0.12,
1099.82,-0.24,-1.69,-0.48,-0.36,0.72,-1.33,0.00,0.12,0.36,-0.24,0.60,-0.36,
1100.19,-0.25,-1.96,0.49,0.12,0.98,-0.25,-0.61,-0.25,-0.37,-0.12,0.98,-0.61,
1100.56,-0.00,-0.00,0.00,0.00,0.00,0.00,-0.00,-0.00,-0.00,0.00,0.00,-0.00,
1100.93,-0.00,-0.00,0.00,-0.00,0.00,0.00,-0.00,-0.00,-0.00,-0.00,0.00,0.00,
1101.30,-0.00,-0.00,-0.00,0.00,0.00,0.00,0.00,-0.00,-0.00,0.00,0.00,-0.00,
1101.67,-0.00,-0.00,0.00,-0.00,0.00,-0.00,0.00,-0.00,-0.00,-0.00,0.00,0.00,
1102.04,-0.00,-0.00,0.00,-0.00,0.00,0.00,0.00,-0.00,-0.00,-0.00,0.00,0.00,
1102.41,-0.00,-0.00,-0.00,-0.00,0.00,-0.00,-0.00,-0.00,-0.00,-0.00,0.00,0.00,
1102.78,-0.00,-0.00,-0.00,0.00,0.00,-0.00,-0.00,-0.00,-0.00,0.00,0.00,0.00,
1103.15,-0.00,-0.00,-0.00,0.00,0.00,-0.00,-0.00,-0.00,-0.00,0.00,0.00,0.00,
1103.52,-0.00,-0.00,-0.00,-0.00,0.00,-0.00,-0.00,-0.00,-0.00,-0.00,0.00,0.00,
1103.88,-0.00,-0.00,-0.00,0.00,0.00,-0.00,-0.00,-0.00,0.00,-0.00,0.00,0.00,
1104.25,-0.00,-0.00,-0.00,0.00,0.00,-0.00,-0.00,0.00,0.00,0.00,-0.00,0.00,
1104.62,-0.00,-0.00,0.00,-0.00,0.00,-0.00,-0.00,0.00,0.00,-0.00,0.00,0.00,
1104.99,-0.00,-0.00,0.00,0.00,0.00,0.00,-0.00,0.00,0.00,-0.00,0.00,0.00,
1105.36,-0.00,-0.00,0.00,0.00,-0.00,0.00,-0.00,0.00,-0.00,0.00,-0.00,0.00,
1105.73,-0.00,-0.00,0.00,-0.00,-0.00,-0.00,-0.00,0.00,-0.00,-0.00,0.00,0.00,
1106.10,-0.00,0.00,0.00,-0.00,-0.00,0.00,-0.00,0.00,-0.00,-0.00,0.00,0.00,
1106.47,-0.00,0.00,0.00,-0.00,-0.00,-0.00,0.00,0.00,-0.00,-0.00,-0.00,-0.00,
1106.83,-0.00,-0.00,0.00,-0.00,-0.00,0.00,0.00,0.00,-0.00,-0.00,-0.00,0.00,
1107.20,-0.00,-0.00,-0.00,-0.00,-0.00,0.00,0.00,0.00,0.00,-0.00,-0.00,0.00,
1107.57,0.00,-0.00,0.00,-0.00,-0.00,-0.00,0.00,0.00,0.00,-0.00,-0.00,-0.00,
1107.94,0.00,0.00,0.00,-0.00,-0.00,-0.00,0.00,0.00,0.00,0.00,-0.00,-0.00,
1108.31,0.00,0.00,0.00,-0.00,-0.00,-0.00,-0.00,0.00,0.00,-0.00,-0.00,-0.00,
1108.67,0.00,0.00,0.00,0.00,-0.00,0.00,0.00,0.00,0.00,-0.00,-0.00,-0.00,
1109.04,0.00,0.00,0.00,0.00,-0.00,0.00,0.00,0.00,0.00,-0.00,-0.00,-0.00,
1109.41,0.00,0.00,0.00,-0.00,-0.00,0.00,0.00,0.00,0.00,-0.00,0.00,-0.00,
1109.78,0.00,0.00,0.00,-0.00,-0.00,0.00,0.00,0.00,0.00,-0.00,0.00,-0.00,
1110.15,-0.00,0.00,0.00,-0.00,-0.00,0.00,0.00,0.00,-0.00,-0.00,0.00,-0.00,
1110.51,-0.00,0.00,0.00,-0.00,-0.00,-0.00,0.00,0.00,-0.00,-0.00,0.00,-0.00,
1110.88,0.00,0.00,0.00,-0.00,-0.00,-0.00,0.00,-0.00,-0.00,-0.00,0.00,-0.00,
1111.25,0.00,0.00,0.00,-0.00,-0.00,-0.00,0.00,-0.00,0.00,-0.00,0.00,-0.00,
1111.62,0.00,0.00,0.00,-0.00,0.00,-0.00,0.00,-0.00,0.00,-0.00,-0.00,0.00,
1111.98,0.00,0.00,-0.00,-0.00,0.00,-0.00,0.00,0.00,0.00,-0.00,0.00,0.00,
1112.35,0.00,0.00,0.00,-0.00,0.00,-0.00,0.00,0.00,0.00,-0.00,0.00,-0.00,
1112.72,0.00,0.00,0.00,0.00,0.00,-0.00,-0.00,0.00,0.00,-0.00,0.00,-0.00,
1113.08,0.00,0.00,0.00,0.00,0.00,0.00,-0.00,0.00,0.00,-0.00,0.00,0.00,
1113.45,0.00,0.00,0.00,0.00,0.00,0.00,-0.00,0.00,0.00,-0.00,0.00,0.00,
1113.82,0.00,0.00,0.00,0.00,0.00,0.00,-0.00,0.00,-0.00,-0.00,0.00,0.00,
1114.18,0.00,0.00,0.00,-0.00,0.00,0.00,-0.00,-0.00,-0.00,-0.00,0.00,0.00,
1114.55,0.00,0.00,0.00,-0.00,0.00,0.00,0.00,0.00,0.00,-0.00,0.00,0.00,
1114.92,-0.00,0.00,-0.00,-0.00,-0.00,0.00,-0.00,0.00,0.00,-0.00,0.00,0.00,
1115.28,0.00,0.00,0.00,0.00,0.00,-0.00,-0.00,-0.00,0.00,-0.00,0.00,0.00,
1115.65,0.00,0.00,-0.00,0.00,-0.00,-0.00,-0.00,-0.00,0.00,-0.00,0.00,0.00,
1116.02,0.00,0.00,-0.00,0.00,0.00,0.00,-0.00,-0.00,0.00,-0.00,0.00,-0.00,
1116.38,0.00,0.00,-0.00,0.00,0.00,0.00,-0.00,-0.00,0.00,-0.00,0.00,0.00,
1116.75,0.00,0.00,-0.00,0.00,0.00,0.00,-0.00,-0.00,0.00,-0.00,0.00,0.00,
1117.11,0.00,0.00,-0.00,0.00,0.00,-0.00,0.00,0.00,0.00,-0.00,0.00,0.00,
1117.48,0.00,0.00,-0.00,0.00,-0.00,0.00,-0.00,0.00,0.00,-0.00,0.00,-0.00,
1117.84,-0.00,0.00,-0.00,0.00,-0.00,0.00,-0.00,-0.00,-0.00,-0.00,0.00,-0.00,
1118.21,-0.00,0.00,-0.00,0.00,-0.00,0.00,0.00,-0.00,-0.00,-0.00,0.00,-0.00,
1118.58,-0.00,0.00,-0.00,0.00,-0.00,0.00,0.00,-0.00,-0.00,-0.00,0.00,0.00,
1118.94,-0.00,0.00,-0.00,0.00,-0.00,0.00,0.00,-0.00,-0.00,-0.00,0.00,0.00,
1119.31,-0.00,0.00,-0.00,0.00,-0.00,-0.00,0.00,-0.00,-0.00,-0.00,0.00,0.00,
1119.67,-0.00,0.00,-0.00,0.00,-0.00,0.00,0.00,-0.00,-0.00,-0.00,0.00,0.00,
1120.04,-0.00,0.00,-0.00,0.00,-0.00,-0.00,0.00,-0.00,-0.00,-0.00,0.00,0.00,
1120.40,0.00,0.00,-0.00,0.00,0.00,-0.00,0.00,-0.00,-0.00,-0.00,0.00,0.00,
1120.77,-0.00,0.00,-0.00,0.00,0.00,0.00,0.00,-0.00,-0.00,-0.00,0.00,0.00,
1121.13,0.00,0.00,-0.00,0.00,0.00,0.00,0.00,-0.00,-0.00,-0.00,0.00,0.00,
1121.50,0.00,0.00,-0.00,0.00,0.00,0.00,0.00,-0.00,-0.00,-0.00,0.00,0.00,
1121.86,-0.00,0.00,-0.00,-0.00,-0.00,0.00,0.00,-0.00,-0.00,-0.00,0.00,0.00,
