Date,2016/05/17,2016/05/17,2016/05/17,2016/05/17,2016/05/17,2016/05/17,2016/05/17,2016/05/17,2016/05/17,2016/05/17,2016/05/17,2016/05/17,
Time,22:00:00,22:05:00,22:10:00,22:15:00,22:20:00,22:25:00,22:30:00,22:35:00,22:40:00,22:45:00,22:50:00,22:55:00,
Memo,EKO WISER,EKO WISER,EKO WISER,EKO WISER,EKO WISER,EKO WISER,EKO WISER,EKO WISER,EKO WISER,EKO WISER,EKO WISER,EKO WISER,
Sensor,MS-711,MS-711,MS-711,MS-711,MS-711,MS-711,MS-711,MS-711,MS-711,MS-711,MS-711,MS-711,
Exposure Time(msec),5000,5000,5000,5000,5000,5000,5000,5000,5000,5000,5000,5000,
Sensor Temp.(deg),24.6,24.8,24.6,24.7,24.6,24.6,24.6,24.6,24.6,24.6,24.7,24.6,
Power(V),5.9,5.9,5.9,5.9,5.9,5.9,5.9,5.9,5.9,5.9,5.9,5.9,
Wavelength(nm),Irradiance(W/m2/um),Irradiance(W/m2/um),Irradiance(W/m2/um),Irradiance(W/m2/um),Irradiance(W/m2/um),Irradiance(W/m2/um),Irradiance(W/m2/um),Irradiance(W/m2/um),Irradiance(W/m2/um),Irradiance(W/m2/um),Irradiance(W/m2/um),Irradiance(W/m2/um),
287.77,0.00,-0.00,-0.00,-0.00,-0.00,-0.00,-0.00,0.00,-0.00,-0.00,-0.00,0.00,
288.21,-0.00,-0.00,-0.00,-0.00,-0.00,-0.00,-0.00,0.00,-0.00,-0.00,-0.00,0.00,
288.65,-0.00,-0.00,-0.00,-0.00,-0.00,-0.00,-0.00,0.00,-0.00,-0.00,-0.00,0.00,
289.08,-0.00,-0.00,-0.00,-0.00,-0.00,-0.00,-0.00,0.00,-0.00,-0.00,-0.00,0.00,
289.52,-0.00,-0.00,-0.00,-0.00,-0.00,-0.00,-0.00,0.00,-0.00,-0.00,-0.00,0.00,
289.95,-0.00,-0.00,-0.00,-0.00,-0.00,-0.00,-0.00,0.00,-0.00,-0.00,-0.00,0.00,
290.39,-0.00,-0.00,-0.00,-0.00,-0.00,-0.00,-0.00,0.00,-0.00,-0.00,-0.00,0.00,
290.82,-0.00,-0.00,-0.00,-0.00,-0.00,0.00,-0.00,0.00,-0.00,-0.00,-0.00,-0.00,
291.26,-0.00,-0.00,-0.00,-0.00,-0.00,-0.00,-0.00,0.00,-0.00,-0.00,-0.00,0.00,
291.69,-0.00,-0.00,-0.00,-0.00,-0.00,-0.00,-0.00,0.00,-0.00,-0.00,-0.00,0.00,
292.13,0.00,-0.00,0.00,-0.00,0.00,-0.00,-0.00,0.00,-0.00,-0.00,-0.00,0.00,
292.56,0.00,-0.00,-0.00,-0.00,0.00,0.00,-0.00,0.00,-0.00,-0.00,-0.00,0.00,
293.00,-0.00,-0.00,-0.00,-0.00,0.00,0.00,-0.00,0.00,0.00,-0.00,-0.00,0.00,
293.43,0.00,-0.00,0.00,-0.00,0.00,0.00,0.00,0.00,-0.00,-0.00,-0.00,0.00,
293.87,-0.00,-0.00,0.00,-0.00,-0.00,0.00,-0.00,0.00,-0.00,-0.00,-0.00,-0.00,
294.30,-0.00,-0.00,0.00,-0.00,-0.00,0.00,-0.00,-0.00,-0.00,-0.00,-0.00,-0.00,
294.74,-0.02,-0.02,0.03,-0.02,-0.01,0.02,-0.02,0.00,-0.01,-0.02,-0.03,-0.03,
295.17,-0.00,-0.00,0.02,-0.02,-0.00,0.02,-0.04,0.01,-0.01,-0.02,-0.02,-0.03,
295.61,0.00,0.00,0.02,-0.01,0.00,0.03,-0.03,0.00,-0.01,-0.02,-0.02,-0.04,
296.04,0.00,-0.02,0.02,-0.01,0.00,0.03,-0.02,0.02,-0.02,-0.00,-0.03,-0.04,
296.47,-0.01,-0.02,0.03,-0.01,-0.00,0.02,-0.03,0.00,-0.01,-0.01,-0.03,-0.04,
296.91,-0.01,-0.03,0.02,-0.02,0.00,0.02,-0.02,-0.01,-0.00,-0.02,-0.02,-0.03,
297.34,-0.01,-0.03,0.02,-0.03,0.00,0.01,-0.03,-0.01,-0.00,-0.02,-0.01,-0.03,
297.78,-0.00,-0.03,0.03,-0.03,0.01,0.01,-0.04,-0.01,-0.00,-0.04,0.01,-0.03,
298.21,0.00,-0.02,0.02,-0.02,0.01,0.01,-0.03,-0.00,-0.00,-0.04,0.01,-0.03,
298.65,0.01,-0.01,0.01,-0.02,0.01,0.02,-0.02,-0.01,0.01,-0.01,-0.01,-0.02,
299.08,0.01,-0.02,0.03,-0.02,0.01,0.03,-0.01,-0.02,-0.00,-0.00,-0.02,-0.03,
299.51,0.01,-0.04,0.03,-0.02,-0.00,0.02,-0.01,-0.02,-0.02,0.00,-0.02,-0.03,
299.95,-0.01,-0.04,0.03,-0.03,-0.01,0.01,-0.02,-0.02,-0.01,0.00,-0.02,-0.02,
300.38,-0.01,-0.03,0.01,-0.02,-0.00,0.02,-0.03,-0.02,-0.01,0.00,-0.02,-0.03,
300.82,0.00,-0.02,0.01,-0.03,-0.00,0.02,-0.03,-0.01,-0.02,-0.01,-0.01,-0.03,
301.25,0.00,-0.02,0.00,-0.02,0.00,0.01,-0.03,-0.02,-0.02,-0.02,0.00,-0.02,
301.68,0.00,-0.03,0.00,-0.00,-0.01,0.01,-0.01,-0.01,-0.01,-0.01,-0.00,-0.03,
302.12,-0.01,-0.03,0.00,-0.00,-0.01,-0.00,-0.01,-0.00,-0.01,-0.02,-0.01,-0.02,
302.55,-0.01,-0.03,0.01,-0.01,0.01,-0.01,0.01,-0.02,-0.01,-0.03,-0.00,-0.02,
302.99,-0.02,-0.05,0.01,-0.02,0.00,-0.02,0.00,-0.01,-0.01,-0.02,0.01,-0.01,
303.42,-0.02,-0.04,0.02,-0.02,0.01,-0.03,-0.00,0.00,-0.01,-0.02,0.01,-0.02,
303.85,-0.01,-0.02,0.00,0.00,0.01,-0.03,0.00,0.01,-0.01,-0.02,0.01,-0.01,
304.29,-0.01,-0.02,-0.01,0.01,0.02,-0.02,0.00,0.01,0.00,-0.01,-0.00,-0.00,
304.72,-0.01,-0.02,0.00,0.01,0.01,-0.01,0.01,0.01,-0.01,0.01,-0.01,-0.02,
305.15,-0.01,-0.03,0.00,0.03,0.01,-0.01,0.00,0.02,-0.02,0.01,-0.01,-0.03,
305.59,-0.02,-0.03,0.00,0.02,0.01,-0.02,-0.01,0.00,-0.02,0.01,-0.02,-0.03,
306.02,-0.02,-0.02,-0.01,0.01,0.01,-0.02,-0.03,0.00,-0.01,0.01,-0.01,-0.03,
306.46,-0.02,-0.02,-0.00,-0.00,0.01,-0.02,-0.04,0.02,-0.01,-0.00,-0.00,-0.03,
306.89,-0.01,-0.02,-0.00,-0.00,0.02,-0.03,-0.04,0.03,-0.02,-0.03,0.01,-0.03,
307.32,-0.00,-0.02,-0.01,0.00,0.01,-0.02,-0.03,0.04,-0.01,-0.03,0.00,-0.03,
307.76,-0.00,-0.00,0.00,0.00,0.02,-0.01,-0.02,0.03,-0.01,-0.01,-0.02,-0.02,
308.19,0.01,-0.02,0.01,-0.02,0.04,-0.01,-0.01,0.02,-0.01,-0.01,-0.02,-0.02,
308.62,0.01,-0.03,0.01,-0.02,0.03,-0.02,-0.02,0.01,-0.01,0.00,-0.01,-0.01,
309.06,-0.00,-0.02,0.01,-0.03,0.02,-0.02,-0.03,0.01,-0.01,0.00,-0.01,-0.01,
309.49,0.01,0.00,0.01,-0.02,0.03,-0.01,-0.03,0.01,-0.01,-0.02,-0.01,-0.01,
309.92,0.03,0.01,-0.01,-0.03,0.02,-0.00,-0.03,0.00,-0.00,-0.01,-0.02,-0.01,
310.35,0.03,0.00,-0.00,-0.02,0.02,0.01,-0.02,-0.00,-0.01,-0.01,-0.03,-0.02,
310.79,0.02,-0.01,0.00,-0.02,0.01,0.02,-0.01,0.00,-0.02,-0.01,-0.05,-0.03,
311.22,0.02,-0.01,0.00,-0.02,0.01,0.01,-0.02,-0.01,-0.01,-0.01,-0.04,-0.02,
311.65,0.01,-0.01,-0.00,-0.04,0.01,0.00,-0.01,-0.02,-0.01,-0.03,-0.04,-0.02,
312.09,0.01,-0.01,0.00,-0.05,0.01,-0.00,-0.01,-0.00,-0.01,-0.03,-0.03,-0.01,
312.52,0.02,-0.00,0.01,-0.04,0.02,-0.01,-0.00,0.01,-0.01,-0.05,-0.01,-0.01,
312.95,0.03,0.00,-0.00,-0.02,0.02,-0.02,0.02,0.00,-0.00,-0.04,-0.01,-0.01,
313.38,0.03,0.01,0.00,-0.02,0.02,-0.01,0.03,-0.00,0.00,-0.02,-0.02,0.00,
313.82,0.04,0.01,0.01,-0.01,0.03,0.01,0.03,-0.00,-0.01,-0.01,-0.02,0.00,
314.25,0.02,-0.01,0.00,-0.01,0.00,-0.00,0.02,-0.00,-0.01,-0.00,-0.01,0.00,
314.68,0.00,-0.01,-0.00,-0.01,-0.00,-0.01,0.01,-0.01,-0.01,-0.01,-0.02,0.01,
315.12,0.00,0.00,-0.01,-0.02,-0.00,0.00,0.01,0.00,-0.01,-0.03,-0.02,0.01,
315.55,0.02,0.01,-0.02,-0.02,-0.01,0.01,-0.01,0.01,-0.01,-0.03,-0.01,0.00,
315.98,0.02,0.00,-0.02,-0.02,-0.01,0.01,-0.00,-0.00,-0.02,-0.02,0.00,-0.00,
316.41,0.01,-0.01,-0.02,-0.00,-0.01,0.02,0.00,0.01,-0.03,-0.01,-0.01,-0.01,
316.85,0.00,-0.01,-0.01,-0.01,-0.01,0.00,-0.01,0.00,-0.03,-0.02,-0.01,-0.00,
317.28,0.00,-0.01,-0.01,-0.02,-0.01,-0.02,-0.00,-0.00,-0.02,-0.02,0.02,0.00,
317.71,0.00,-0.01,-0.01,-0.03,-0.02,-0.02,-0.01,0.00,-0.02,-0.01,0.02,-0.00,
318.14,-0.00,0.00,0.01,-0.02,-0.02,-0.03,-0.02,0.00,-0.02,-0.01,0.03,0.00,
318.57,0.01,0.01,-0.01,-0.01,-0.01,-0.02,-0.01,-0.00,-0.02,-0.02,0.03,0.01,
319.01,0.01,0.01,-0.02,-0.00,-0.01,-0.01,-0.01,-0.02,-0.01,-0.00,0.01,0.02,
319.44,0.02,0.02,-0.01,-0.00,-0.00,0.01,-0.00,-0.01,-0.02,0.00,0.00,0.00,
319.87,0.02,0.01,-0.00,0.01,-0.02,0.00,-0.01,-0.02,-0.02,0.00,0.00,-0.00,
320.30,0.00,0.00,0.00,0.00,-0.03,-0.02,-0.03,-0.04,-0.01,-0.01,-0.01,-0.01,
320.73,0.01,0.02,0.00,-0.00,-0.01,-0.01,-0.03,-0.03,-0.02,-0.02,-0.00,-0.02,
321.17,0.03,0.03,0.00,-0.01,-0.01,0.00,-0.04,-0.02,-0.01,-0.02,0.00,-0.02,
321.60,0.05,0.03,0.00,0.01,-0.00,-0.01,-0.03,-0.03,-0.02,-0.03,0.02,-0.03,
322.03,0.05,0.04,0.00,0.02,-0.01,-0.01,-0.01,-0.03,-0.02,-0.03,0.00,-0.03,
322.46,0.05,0.04,0.01,0.02,-0.01,-0.01,-0.00,-0.03,0.00,-0.01,-0.01,-0.02,
322.89,0.05,0.04,0.02,0.01,-0.00,-0.02,0.00,-0.04,0.00,-0.01,-0.01,-0.02,
323.33,0.05,0.03,0.02,0.00,0.00,-0.03,-0.00,-0.04,0.00,-0.01,0.00,-0.02,
323.76,0.04,0.04,0.03,0.00,-0.00,-0.02,-0.00,-0.02,-0.00,-0.03,-0.00,-0.02,
324.19,0.06,0.05,0.02,0.01,0.00,-0.02,-0.00,-0.02,0.00,-0.03,-0.00,-0.01,
324.62,0.08,0.05,0.01,0.01,0.01,-0.01,0.01,-0.02,0.00,-0.03,-0.01,-0.00,
325.05,0.08,0.06,0.03,0.01,0.01,0.00,0.02,-0.01,-0.01,-0.02,-0.02,-0.02,
325.48,0.10,0.05,0.03,0.01,0.00,0.01,0.02,0.00,-0.02,-0.02,-0.03,-0.03,
325.92,0.09,0.04,0.03,0.00,-0.01,-0.01,0.01,-0.02,-0.03,-0.03,-0.03,-0.01,
326.35,0.09,0.04,0.02,-0.02,-0.00,-0.00,0.01,-0.00,-0.05,-0.02,-0.03,-0.02,
326.78,0.10,0.06,0.02,-0.02,0.00,0.00,0.00,0.02,-0.04,-0.03,-0.02,-0.01,
327.21,0.11,0.06,0.02,-0.02,0.00,-0.01,0.01,0.02,-0.04,-0.03,-0.01,-0.01,
327.64,0.11,0.06,0.02,-0.01,-0.00,-0.01,0.03,0.02,-0.03,-0.02,-0.01,-0.01,
328.07,0.10,0.06,0.03,-0.01,0.00,0.00,0.03,0.02,-0.02,-0.00,-0.02,0.01,
328.50,0.12,0.05,0.04,-0.01,0.02,-0.01,0.04,0.02,-0.02,-0.01,-0.02,0.01,
328.93,0.11,0.05,0.03,-0.01,0.00,-0.02,0.02,0.02,-0.02,-0.00,-0.02,0.00,
329.37,0.11,0.06,0.03,-0.01,0.00,-0.02,0.01,0.03,-0.02,-0.02,-0.02,0.00,
329.80,0.12,0.07,0.02,-0.00,0.01,-0.01,0.01,0.03,-0.02,-0.03,-0.01,0.01,
330.23,0.14,0.08,0.01,-0.01,0.01,-0.00,0.01,0.03,-0.02,-0.03,-0.02,0.01,
330.66,0.15,0.09,0.02,0.00,0.01,0.01,0.02,0.03,-0.03,-0.03,-0.03,-0.01,
331.09,0.15,0.08,0.02,0.01,0.02,0.01,0.02,0.03,-0.03,-0.02,-0.03,-0.01,
331.52,0.14,0.07,0.03,0.01,0.01,0.00,0.00,0.02,-0.03,-0.02,-0.04,-0.00,
331.95,0.14,0.08,0.03,0.01,0.01,-0.01,-0.01,0.01,-0.02,-0.02,-0.03,-0.00,
332.38,0.14,0.07,0.03,0.01,0.02,-0.01,-0.02,0.03,-0.01,-0.01,-0.02,-0.01,
332.81,0.15,0.08,0.05,0.01,0.03,-0.02,-0.02,0.03,-0.01,-0.02,-0.01,-0.00,
333.24,0.15,0.08,0.04,0.02,0.02,-0.01,-0.01,0.03,0.01,-0.01,-0.01,-0.00,
333.68,0.15,0.08,0.03,0.02,0.02,-0.01,-0.00,0.02,0.01,0.00,-0.02,0.01,
334.11,0.16,0.08,0.04,0.03,0.03,-0.00,-0.00,0.02,-0.00,0.00,-0.02,0.00,
334.54,0.16,0.07,0.04,0.03,0.02,-0.01,-0.00,0.01,-0.00,0.00,-0.02,-0.00,
334.97,0.15,0.08,0.05,0.03,0.02,-0.01,-0.01,0.00,-0.01,0.00,-0.02,-0.01,
335.40,0.16,0.09,0.04,0.02,0.03,-0.00,-0.01,0.01,-0.01,-0.01,-0.02,-0.01,
335.83,0.17,0.09,0.04,0.03,0.03,0.00,-0.01,0.01,-0.01,-0.00,-0.02,-0.01,
336.26,0.18,0.09,0.04,0.03,0.02,0.01,-0.01,0.00,-0.01,0.01,-0.01,-0.01,
336.69,0.18,0.08,0.05,0.03,0.02,0.02,-0.01,0.01,-0.01,0.03,-0.02,-0.02,
337.12,0.18,0.08,0.06,0.03,0.01,0.01,-0.02,0.01,-0.01,0.03,-0.02,-0.01,
337.55,0.18,0.08,0.06,0.03,0.01,0.00,-0.01,0.00,-0.01,0.02,-0.01,-0.01,
337.98,0.18,0.08,0.05,0.02,0.02,-0.00,-0.02,0.01,-0.00,0.03,0.00,-0.02,
338.41,0.18,0.09,0.06,0.01,0.02,-0.00,-0.01,0.01,0.00,0.01,0.00,-0.02,
338.84,0.19,0.10,0.05,0.02,0.02,-0.01,0.00,0.01,0.01,0.01,0.00,-0.01,
339.27,0.20,0.18,0.08,0.03,0.02,0.01,0.01,0.00,0.01,-0.05,-0.00,-0.01,
339.70,0.21,0.17,0.09,0.02,0.03,0.02,0.01,-0.01,0.00,-0.05,-0.01,-0.02,
340.13,0.21,0.17,0.10,0.03,0.02,0.01,0.01,0.01,-0.00,-0.05,-0.02,-0.02,
340.56,0.20,0.17,0.10,0.02,0.01,-0.00,0.00,-0.01,-0.00,-0.06,-0.01,-0.01,
340.99,0.21,0.18,0.09,0.01,0.02,0.01,-0.00,0.00,-0.00,-0.06,-0.01,-0.02,
341.42,0.22,0.18,0.09,0.01,0.02,0.01,-0.02,0.01,-0.00,-0.06,-0.00,-0.02,
341.85,0.22,0.18,0.10,0.01,0.02,0.00,-0.01,0.00,-0.00,-0.07,0.01,-0.02,
342.28,0.23,0.18,0.10,0.01,0.01,0.00,-0.01,0.00,-0.00,-0.06,0.00,-0.01,
342.71,0.22,0.18,0.11,0.02,0.02,-0.01,-0.01,0.00,0.00,-0.06,-0.01,-0.00,
343.14,0.22,0.18,0.11,0.02,0.02,-0.02,0.00,-0.00,0.01,-0.07,-0.00,0.01,
343.57,0.21,0.17,0.11,0.01,0.02,-0.02,0.00,-0.00,0.01,-0.06,0.00,0.01,
344.00,0.20,0.17,0.11,0.01,0.03,-0.02,-0.00,0.00,0.01,-0.07,0.00,0.02,
344.43,0.21,0.19,0.10,0.02,0.03,-0.02,0.00,0.00,0.02,-0.08,0.00,0.02,
344.86,0.21,0.19,0.09,0.02,0.02,-0.01,0.00,-0.00,0.02,-0.07,0.00,0.02,
345.29,0.21,0.18,0.10,0.02,0.03,0.01,0.00,-0.00,0.01,-0.06,-0.01,0.02,
345.72,0.20,0.11,0.07,0.03,0.02,0.00,-0.00,0.01,0.00,-0.00,-0.01,0.01,
346.15,0.19,0.11,0.08,0.04,0.02,-0.00,-0.01,0.00,0.01,-0.01,-0.01,0.01,
346.58,0.19,0.12,0.07,0.03,0.02,0.00,-0.01,-0.00,0.01,-0.01,-0.01,0.01,
347.01,0.20,0.12,0.07,0.03,0.02,0.00,-0.02,0.00,0.02,-0.01,-0.01,0.01,
347.44,0.21,0.12,0.07,0.03,0.02,-0.00,-0.02,0.00,0.02,-0.02,0.00,0.01,
347.87,0.21,0.12,0.06,0.04,0.02,-0.00,-0.01,0.00,0.02,-0.01,-0.00,0.00,
348.30,0.21,0.13,0.06,0.04,0.02,0.00,-0.00,0.00,0.03,-0.00,-0.01,0.02,
348.73,0.22,0.12,0.06,0.04,0.03,0.00,-0.00,0.00,0.03,-0.01,-0.01,0.02,
349.16,0.22,0.12,0.06,0.04,0.02,-0.00,-0.01,0.00,0.03,-0.00,-0.00,0.01,
349.59,0.21,0.12,0.06,0.03,0.03,0.00,-0.02,0.00,0.03,-0.00,-0.02,0.01,
350.02,0.22,0.13,0.06,0.04,0.03,0.00,-0.01,0.01,0.02,-0.01,-0.01,0.01,
350.44,0.24,0.13,0.06,0.04,0.03,0.01,-0.01,0.00,0.02,-0.01,-0.01,0.00,
350.87,0.24,0.13,0.06,0.04,0.03,0.02,-0.01,0.00,0.02,0.00,-0.02,-0.00,
351.30,0.25,0.12,0.07,0.05,0.02,0.02,-0.01,0.01,0.02,0.01,-0.02,-0.01,
351.73,0.25,0.12,0.08,0.04,0.02,-0.00,-0.01,0.00,0.02,-0.00,-0.02,-0.00,
352.16,0.25,0.12,0.07,0.03,0.02,-0.00,-0.02,-0.01,0.02,-0.00,-0.02,-0.00,
352.59,0.25,0.12,0.07,0.01,0.02,-0.00,-0.02,-0.00,0.02,0.00,-0.01,0.00,
353.02,0.26,0.12,0.08,0.01,0.03,-0.01,-0.02,0.00,0.01,-0.01,-0.00,-0.00,
353.45,0.26,0.13,0.07,0.02,0.02,-0.00,-0.00,0.00,0.01,-0.01,0.00,-0.00,
353.88,0.25,0.13,0.08,0.01,0.02,0.00,0.00,0.00,0.02,0.00,-0.01,0.01,
354.31,0.25,0.12,0.09,0.02,0.03,0.01,0.01,-0.00,0.01,0.00,-0.01,0.01,
354.73,0.25,0.11,0.08,0.02,0.02,0.00,0.00,-0.00,0.01,0.01,-0.00,0.00,
355.16,0.23,0.12,0.08,0.02,0.02,-0.00,0.00,0.00,0.01,0.01,-0.01,0.00,
355.59,0.23,0.12,0.08,0.02,0.02,0.00,0.00,0.01,0.00,0.00,-0.01,0.00,
356.02,0.24,0.13,0.07,0.01,0.02,0.01,-0.00,0.01,0.00,0.00,-0.01,0.00,
356.45,0.23,0.13,0.07,0.02,0.02,0.02,0.01,0.01,-0.00,0.01,-0.00,-0.00,
356.88,0.23,0.12,0.07,0.02,0.02,0.02,0.00,0.02,-0.01,0.01,-0.01,-0.00,
357.31,0.22,0.12,0.07,0.02,0.01,0.01,-0.00,0.01,-0.01,0.01,-0.01,0.00,
357.74,0.22,0.12,0.07,0.02,0.01,0.01,0.00,0.00,-0.00,0.01,-0.00,-0.00,
358.16,0.21,0.11,0.06,0.02,0.02,0.01,-0.01,0.00,0.00,0.01,0.00,-0.00,
358.59,0.22,0.12,0.07,0.02,0.02,0.01,-0.01,0.01,0.00,0.01,0.01,-0.01,
359.02,0.22,0.13,0.06,0.03,0.02,0.01,0.00,0.00,0.01,0.00,0.01,-0.00,
359.45,0.22,0.13,0.05,0.03,0.02,0.01,0.01,-0.00,0.01,0.02,0.00,0.00,
359.88,0.23,0.13,0.06,0.04,0.02,0.02,0.01,0.00,0.01,0.02,-0.01,-0.01,
360.31,0.23,0.12,0.06,0.04,0.02,0.01,0.01,0.00,0.00,0.02,-0.01,-0.01,
360.73,0.23,0.12,0.06,0.04,0.01,0.01,0.00,-0.01,0.01,0.02,-0.01,-0.02,
361.16,0.23,0.12,0.06,0.04,0.02,0.02,-0.01,-0.00,0.01,0.02,-0.01,-0.02,
361.59,0.24,0.13,0.06,0.03,0.02,0.02,-0.01,-0.00,0.01,0.01,-0.00,-0.02,
362.02,0.25,0.13,0.07,0.03,0.02,0.03,-0.00,-0.01,0.01,0.01,0.01,-0.02,
362.45,0.25,0.13,0.07,0.04,0.02,0.03,-0.00,-0.01,0.01,0.02,0.01,-0.02,
362.88,0.25,0.13,0.08,0.03,0.02,0.02,-0.00,-0.01,0.01,0.01,0.00,-0.01,
363.30,0.26,0.13,0.08,0.03,0.02,0.02,0.01,-0.01,0.02,0.01,0.01,-0.01,
363.73,0.26,0.13,0.08,0.03,0.02,0.01,0.00,-0.01,0.02,0.02,0.02,-0.01,
364.16,0.26,0.13,0.09,0.02,0.02,0.01,-0.00,-0.01,0.02,0.01,0.01,-0.01,
364.59,0.27,0.15,0.08,0.02,0.02,0.01,0.01,0.00,0.02,0.00,0.02,-0.01,
365.02,0.28,0.15,0.08,0.02,0.02,0.01,0.02,0.00,0.02,0.01,0.01,-0.01,
365.44,0.28,0.15,0.08,0.03,0.03,0.03,0.02,0.00,0.01,0.02,0.00,-0.01,
365.87,0.28,0.14,0.09,0.03,0.02,0.03,0.02,0.01,0.01,0.02,0.00,-0.02,
366.30,0.27,0.15,0.09,0.02,0.01,0.03,0.02,0.00,0.01,0.02,0.00,-0.01,
366.73,0.27,0.15,0.08,0.01,0.02,0.02,0.01,0.00,0.01,0.01,-0.01,-0.01,
367.16,0.27,0.15,0.09,0.00,0.02,0.02,0.00,0.01,0.01,0.01,-0.00,-0.01,
367.58,0.29,0.15,0.10,0.01,0.03,0.02,0.01,0.01,0.01,-0.00,0.00,-0.01,
368.01,0.28,0.16,0.09,0.02,0.02,0.02,0.02,0.00,0.01,0.01,0.00,-0.00,
368.44,0.27,0.16,0.09,0.02,0.03,0.02,0.02,0.00,0.02,0.01,-0.02,0.00,
368.87,0.28,0.16,0.10,0.02,0.02,0.01,0.03,-0.00,0.00,0.01,-0.01,-0.01,
369.29,0.28,0.15,0.09,0.03,0.02,0.00,0.02,0.00,0.00,0.01,-0.01,-0.00,
369.72,0.27,0.15,0.08,0.02,0.02,0.00,0.01,-0.00,0.00,0.01,-0.02,-0.00,
370.15,0.27,0.15,0.08,0.03,0.02,0.00,0.01,0.00,0.00,0.00,-0.02,-0.01,
370.58,0.27,0.16,0.08,0.03,0.02,0.01,0.02,-0.01,0.00,0.00,-0.02,-0.01,
371.00,0.27,0.15,0.08,0.04,0.03,0.02,0.02,-0.01,0.00,0.01,-0.03,-0.01,
371.43,0.26,0.14,0.08,0.04,0.02,0.02,0.02,-0.00,-0.00,0.02,-0.03,-0.02,
371.86,0.27,0.13,0.08,0.04,0.01,0.00,0.00,-0.01,-0.00,0.01,-0.03,-0.01,
372.29,0.26,0.13,0.08,0.03,0.01,0.00,0.00,-0.02,0.00,0.01,-0.03,-0.01,
372.71,0.27,0.12,0.08,0.02,0.02,-0.00,-0.01,-0.01,0.01,0.01,-0.02,-0.00,
373.14,0.28,0.13,0.09,0.02,0.02,-0.01,-0.00,-0.01,0.00,0.00,-0.01,-0.01,
373.57,0.27,0.13,0.08,0.03,0.01,-0.01,0.00,-0.01,0.00,0.01,-0.00,-0.00,
374.00,0.27,0.14,0.07,0.03,0.01,0.00,0.01,-0.02,0.01,0.02,-0.01,0.00,
374.42,0.28,0.13,0.07,0.03,0.02,-0.00,0.01,-0.02,-0.00,0.02,-0.01,-0.01,
374.85,0.28,0.12,0.07,0.04,0.01,-0.01,0.01,-0.02,-0.00,0.02,-0.01,-0.00,
375.28,0.26,0.12,0.08,0.04,0.01,-0.01,-0.00,-0.02,0.01,0.02,-0.01,0.00,
375.70,0.26,0.13,0.08,0.03,0.02,0.00,0.00,-0.02,0.00,0.01,-0.02,-0.00,
376.13,0.28,0.14,0.08,0.03,0.01,0.01,-0.01,-0.02,0.00,0.01,-0.01,-0.01,
376.56,0.28,0.14,0.08,0.03,0.01,0.02,-0.00,-0.02,-0.00,0.01,-0.01,-0.01,
376.99,0.28,0.14,0.07,0.03,0.01,0.02,-0.00,-0.01,-0.01,0.02,-0.01,-0.01,
377.41,0.28,0.13,0.08,0.03,0.01,0.01,-0.01,-0.01,-0.01,0.01,-0.01,-0.01,
377.84,0.28,0.14,0.08,0.03,0.01,0.00,-0.01,-0.02,-0.01,0.01,-0.00,-0.01,
378.27,0.27,0.13,0.08,0.03,0.01,0.01,-0.01,-0.01,-0.01,0.00,0.00,-0.01,
378.69,0.27,0.14,0.08,0.03,0.01,0.01,-0.01,-0.00,-0.01,-0.01,0.01,-0.01,
379.12,0.27,0.14,0.07,0.04,0.01,0.01,0.00,0.00,-0.02,-0.01,0.01,-0.01,
379.55,0.27,0.14,0.07,0.05,0.01,0.02,0.01,-0.00,-0.02,0.00,0.00,-0.00,
379.97,0.27,0.13,0.07,0.05,0.03,0.03,0.01,-0.00,-0.02,0.00,0.00,-0.01,
380.40,0.26,0.13,0.08,0.05,0.02,0.02,0.00,0.00,-0.03,0.01,0.00,-0.02,
380.83,0.24,0.12,0.08,0.05,0.02,0.02,-0.00,0.00,-0.02,0.00,-0.01,-0.01,
381.25,0.24,0.13,0.08,0.04,0.02,0.02,-0.01,0.01,-0.02,0.00,-0.01,-0.01,
381.68,0.25,0.14,0.07,0.02,0.02,0.03,-0.01,0.02,-0.02,-0.00,0.00,-0.01,
382.11,0.25,0.13,0.08,0.03,0.02,0.03,-0.00,0.02,-0.02,-0.00,0.01,-0.01,
382.53,0.24,0.13,0.07,0.04,0.02,0.04,0.00,0.01,-0.02,0.01,0.01,-0.01,
382.96,0.24,0.12,0.07,0.03,0.01,0.03,-0.00,0.01,-0.02,0.01,0.01,-0.01,
383.39,0.24,0.12,0.08,0.03,0.01,0.03,0.00,0.01,-0.02,0.00,0.01,-0.01,
383.81,0.24,0.11,0.08,0.03,0.01,0.03,-0.00,0.00,-0.02,0.00,0.01,-0.01,
384.24,0.24,0.12,0.08,0.03,0.02,0.03,-0.01,0.01,-0.01,-0.00,0.01,-0.00,
384.67,0.24,0.13,0.08,0.03,0.02,0.02,-0.00,0.01,-0.01,-0.01,0.01,0.00,
385.09,0.25,0.14,0.07,0.03,0.03,0.03,0.01,0.00,-0.01,0.01,0.00,0.00,
385.52,0.25,0.13,0.08,0.03,0.03,0.04,0.01,0.00,-0.01,0.01,-0.01,-0.00,
385.95,0.25,0.13,0.08,0.03,0.02,0.03,0.01,0.01,-0.01,0.02,-0.01,-0.01,
386.37,0.25,0.13,0.08,0.03,0.01,0.02,0.00,-0.00,-0.00,0.01,-0.01,-0.01,
386.80,0.24,0.13,0.08,0.03,0.01,0.03,0.00,0.01,-0.00,0.00,-0.01,-0.00,
387.22,0.25,0.14,0.08,0.02,0.01,0.04,-0.01,0.01,0.00,-0.00,-0.01,0.00,
387.65,0.26,0.14,0.09,0.02,0.02,0.04,-0.00,0.01,-0.01,-0.01,0.01,-0.00,
388.08,0.27,0.14,0.09,0.04,0.01,0.04,0.00,0.01,-0.00,-0.01,0.00,-0.00,
388.50,0.26,0.14,0.09,0.04,0.02,0.03,0.00,0.01,0.00,-0.01,-0.01,-0.00,
388.93,0.27,0.14,0.09,0.03,0.02,0.02,0.01,0.00,-0.01,-0.01,-0.01,-0.00,
389.36,0.27,0.13,0.09,0.04,0.02,0.02,0.01,-0.00,0.00,-0.01,-0.01,0.00,
389.78,0.26,0.14,0.09,0.04,0.02,0.02,0.00,0.01,0.01,-0.01,-0.02,0.00,
390.21,0.27,0.15,0.09,0.04,0.03,0.01,0.01,0.02,0.00,-0.01,-0.01,0.01,
390.63,0.27,0.16,0.09,0.04,0.03,0.01,0.01,0.01,0.00,0.00,-0.01,0.01,
391.06,0.27,0.15,0.09,0.04,0.02,0.02,0.02,0.01,-0.00,0.01,-0.02,0.00,
391.49,0.26,0.14,0.10,0.04,0.02,0.02,0.01,0.02,-0.01,0.01,-0.03,-0.01,
391.91,0.25,0.14,0.10,0.04,0.01,0.01,0.00,0.01,-0.01,0.00,-0.02,-0.00,
392.34,0.25,0.13,0.10,0.03,0.02,0.02,-0.00,0.01,-0.00,0.00,-0.02,0.00,
392.76,0.26,0.13,0.10,0.03,0.03,0.02,-0.01,0.01,0.00,-0.01,-0.01,0.01,
393.19,0.27,0.13,0.11,0.02,0.03,0.01,-0.01,0.01,-0.00,-0.01,-0.00,-0.00,
393.61,0.27,0.14,0.09,0.03,0.02,0.01,0.00,0.00,0.00,-0.00,-0.00,0.00,
394.04,0.27,0.14,0.09,0.03,0.02,0.01,0.00,-0.01,0.01,0.00,-0.02,0.01,
394.47,0.27,0.14,0.10,0.03,0.03,0.00,0.01,-0.01,-0.01,0.01,-0.01,0.00,
394.89,0.28,0.13,0.09,0.04,0.03,-0.00,0.01,-0.01,-0.01,0.02,-0.01,0.01,
395.32,0.27,0.14,0.09,0.04,0.03,-0.00,-0.00,-0.00,0.00,0.02,-0.02,0.02,
395.74,0.28,0.15,0.09,0.03,0.03,0.00,-0.00,0.00,-0.00,0.01,-0.02,0.01,
396.17,0.29,0.15,0.09,0.02,0.03,0.01,-0.01,-0.01,-0.00,0.01,-0.01,0.01,
396.59,0.30,0.16,0.09,0.03,0.03,0.02,-0.00,-0.01,-0.00,0.01,-0.02,0.00,
397.02,0.31,0.15,0.09,0.04,0.03,0.02,-0.01,-0.00,-0.01,0.01,-0.03,-0.01,
397.45,0.32,0.16,0.10,0.04,0.03,0.01,-0.01,-0.01,-0.01,0.01,-0.02,-0.01,
397.87,0.33,0.16,0.10,0.03,0.03,0.01,-0.01,-0.02,-0.00,0.01,-0.02,0.00,
398.30,0.34,0.16,0.10,0.04,0.03,0.01,-0.02,-0.01,0.00,0.01,-0.01,0.00,
398.72,0.36,0.18,0.11,0.04,0.04,0.00,-0.02,-0.01,0.00,-0.00,-0.00,-0.00,
399.15,0.37,0.19,0.10,0.05,0.03,0.00,-0.01,-0.01,-0.00,0.00,-0.00,-0.00,
399.57,0.38,0.19,0.10,0.06,0.03,0.01,-0.01,-0.01,-0.00,0.01,-0.01,0.01,
400.00,0.39,0.20,0.11,0.06,0.04,0.00,-0.00,-0.01,-0.02,0.02,-0.01,-0.00,
400.42,0.39,0.19,0.11,0.07,0.03,-0.00,-0.00,-0.00,-0.02,0.02,-0.02,-0.01,
400.85,0.39,0.19,0.12,0.07,0.03,0.00,-0.01,-0.00,-0.01,0.02,-0.02,0.00,
401.27,0.40,0.20,0.12,0.07,0.04,0.01,-0.01,0.00,-0.01,0.01,-0.02,-0.01,
401.70,0.41,0.21,0.11,0.05,0.04,0.01,-0.02,0.00,-0.01,0.01,-0.01,-0.01,
402.12,0.42,0.21,0.12,0.06,0.04,0.03,-0.01,0.01,-0.01,0.01,-0.01,-0.02,
402.55,0.42,0.21,0.12,0.07,0.03,0.03,-0.00,0.01,-0.01,0.02,-0.01,-0.02,
402.97,0.42,0.21,0.12,0.07,0.04,0.02,-0.01,0.01,-0.01,0.01,-0.00,-0.01,
403.40,0.42,0.20,0.13,0.07,0.04,0.02,-0.01,0.00,-0.01,0.01,0.01,-0.01,
403.82,0.42,0.19,0.12,0.08,0.04,0.02,-0.01,0.00,-0.00,0.01,0.01,-0.01,
404.25,0.42,0.20,0.12,0.08,0.05,0.02,-0.01,0.01,0.00,0.00,0.02,-0.01,
404.67,0.43,0.21,0.12,0.08,0.05,0.02,0.00,0.01,-0.01,0.00,0.02,-0.01,
405.10,0.43,0.21,0.11,0.08,0.05,0.03,0.01,0.01,-0.01,0.01,0.01,-0.01,
405.52,0.44,0.21,0.11,0.09,0.06,0.03,0.01,0.01,-0.01,0.01,0.01,-0.01,
405.95,0.43,0.20,0.12,0.09,0.04,0.02,0.00,0.02,-0.01,0.01,0.01,-0.02,
406.37,0.42,0.20,0.13,0.08,0.04,0.02,-0.00,0.00,-0.01,0.00,0.00,-0.01,
406.80,0.41,0.21,0.13,0.06,0.04,0.03,-0.01,0.01,0.00,0.00,-0.00,-0.02,
407.22,0.42,0.22,0.13,0.05,0.04,0.04,-0.02,0.02,0.01,-0.01,0.01,-0.01,
407.65,0.42,0.22,0.14,0.05,0.03,0.03,-0.01,0.01,-0.00,-0.02,0.02,-0.01,
408.07,0.42,0.22,0.13,0.06,0.02,0.04,0.00,0.01,-0.00,-0.01,0.02,-0.01,
408.50,0.41,0.22,0.12,0.06,0.03,0.03,0.00,0.00,-0.01,-0.00,0.01,-0.00,
408.92,0.42,0.21,0.14,0.06,0.03,0.02,0.01,0.00,-0.03,-0.01,0.01,-0.01,
409.35,0.42,0.21,0.14,0.06,0.03,0.02,0.00,-0.00,-0.03,0.01,0.02,-0.00,
409.77,0.41,0.22,0.14,0.06,0.03,0.02,0.00,0.00,-0.02,-0.00,0.02,0.00,
410.20,0.43,0.23,0.14,0.05,0.03,0.02,0.01,0.01,-0.02,-0.02,0.02,0.01,
410.62,0.44,0.24,0.13,0.05,0.03,0.02,0.01,0.00,-0.02,-0.00,0.01,0.01,
411.04,0.44,0.24,0.14,0.04,0.04,0.04,0.02,-0.00,-0.02,0.00,0.01,0.00,
411.47,0.44,0.23,0.14,0.04,0.02,0.03,0.01,0.01,-0.02,0.00,0.01,-0.00,
411.89,0.43,0.23,0.14,0.04,0.02,0.03,0.01,-0.01,-0.01,-0.00,0.00,0.00,
412.32,0.42,0.23,0.14,0.03,0.03,0.03,0.01,-0.01,-0.00,-0.00,0.01,-0.00,
412.74,0.43,0.23,0.14,0.03,0.03,0.04,-0.01,0.01,0.01,0.00,0.02,0.00,
413.17,0.45,0.24,0.14,0.03,0.04,0.03,0.01,0.00,-0.01,-0.01,0.04,-0.00,
413.59,0.45,0.23,0.13,0.04,0.04,0.03,0.02,0.00,-0.01,-0.01,0.03,-0.00,
414.02,0.45,0.24,0.13,0.05,0.04,0.03,0.01,0.01,0.00,0.00,0.02,0.01,
414.44,0.47,0.24,0.13,0.05,0.05,0.02,0.02,0.00,-0.02,0.01,0.02,-0.01,
414.86,0.47,0.23,0.13,0.06,0.05,0.00,0.01,0.00,-0.02,0.02,0.02,-0.02,
415.29,0.46,0.24,0.13,0.06,0.05,0.01,-0.00,-0.01,0.00,0.02,0.00,-0.01,
415.71,0.46,0.25,0.13,0.05,0.05,0.01,-0.00,0.01,0.01,0.00,0.00,-0.02,
416.14,0.47,0.25,0.12,0.04,0.05,0.01,0.00,0.01,0.01,0.01,0.00,-0.02,
416.56,0.47,0.26,0.12,0.04,0.05,0.03,0.01,0.01,0.01,0.01,-0.00,-0.03,
416.99,0.46,0.24,0.12,0.05,0.04,0.03,0.01,0.02,0.00,0.01,-0.02,-0.04,
417.41,0.46,0.24,0.12,0.05,0.04,0.01,-0.00,0.01,0.01,0.01,-0.02,-0.03,
417.83,0.44,0.23,0.12,0.05,0.04,0.00,-0.01,-0.01,0.01,0.00,-0.02,-0.04,
418.26,0.45,0.23,0.13,0.05,0.04,0.01,-0.02,0.01,0.02,0.00,-0.01,-0.03,
418.68,0.47,0.22,0.13,0.04,0.05,-0.00,-0.02,0.02,0.01,-0.01,-0.00,-0.03,
419.11,0.46,0.23,0.12,0.05,0.03,-0.00,0.00,0.01,0.00,-0.01,-0.01,-0.03,
419.53,0.45,0.23,0.11,0.06,0.04,0.00,0.00,0.01,0.02,0.00,-0.03,-0.02,
419.95,0.47,0.23,0.11,0.07,0.05,0.00,0.00,0.01,0.00,0.01,-0.03,-0.04,
420.38,0.46,0.22,0.12,0.08,0.03,-0.01,0.00,0.01,-0.01,0.02,-0.02,-0.04,
420.80,0.43,0.22,0.12,0.07,0.03,-0.00,-0.01,0.01,0.01,0.00,-0.03,-0.03,
421.23,0.43,0.22,0.12,0.06,0.04,0.01,-0.01,0.01,0.02,-0.01,-0.03,-0.03,
421.65,0.44,0.23,0.11,0.04,0.03,0.02,-0.00,0.02,0.01,-0.01,-0.01,-0.03,
422.07,0.44,0.23,0.13,0.05,0.03,0.02,0.00,0.02,0.01,-0.01,-0.01,-0.03,
422.50,0.44,0.22,0.11,0.08,0.03,0.02,0.00,0.02,-0.00,0.00,-0.03,-0.04,
422.92,0.42,0.20,0.11,0.07,0.02,0.01,-0.01,0.01,-0.01,-0.00,-0.02,-0.03,
423.34,0.42,0.21,0.11,0.07,0.03,-0.00,-0.02,0.00,-0.01,-0.01,-0.01,-0.02,
423.77,0.41,0.19,0.11,0.07,0.03,-0.00,-0.03,0.01,-0.01,-0.01,0.00,-0.01,
424.19,0.42,0.19,0.11,0.06,0.04,0.01,-0.03,0.03,-0.01,-0.03,0.02,-0.00,
424.62,0.43,0.22,0.10,0.07,0.02,0.01,-0.01,0.03,-0.01,-0.02,0.02,-0.01,
425.04,0.42,0.23,0.09,0.06,0.03,0.02,0.00,0.01,0.01,-0.00,0.01,-0.00,
425.46,0.43,0.23,0.10,0.06,0.04,0.03,0.01,0.02,0.00,0.01,0.01,-0.02,
425.89,0.42,0.21,0.11,0.07,0.03,0.03,-0.01,0.02,0.00,0.02,0.01,-0.02,
426.31,0.39,0.20,0.12,0.05,0.03,0.02,-0.01,0.00,0.02,0.01,0.01,-0.01,
426.73,0.39,0.20,0.12,0.04,0.05,0.04,-0.01,0.01,0.04,0.00,0.01,-0.01,
427.16,0.40,0.21,0.12,0.01,0.04,0.05,-0.03,0.01,0.05,0.00,0.02,0.00,
427.58,0.40,0.21,0.13,0.02,0.03,0.04,-0.02,0.01,0.04,-0.02,0.04,0.00,
428.00,0.40,0.20,0.10,0.04,0.03,0.04,-0.02,0.01,0.04,-0.00,0.03,0.00,
428.43,0.38,0.19,0.11,0.03,0.02,0.04,-0.03,0.00,0.03,0.00,0.02,0.03,
428.85,0.38,0.18,0.12,0.03,0.02,0.04,-0.03,-0.02,0.02,-0.01,0.04,0.02,
429.27,0.38,0.18,0.13,0.04,0.02,0.04,-0.04,-0.01,0.02,0.00,0.04,0.02,
429.70,0.37,0.19,0.13,0.04,0.02,0.05,-0.03,-0.00,0.02,-0.00,0.04,0.02,
430.12,0.40,0.20,0.12,0.04,0.02,0.04,-0.02,0.00,0.02,-0.01,0.05,0.02,
430.54,0.40,0.22,0.12,0.02,0.02,0.04,0.01,-0.02,0.02,0.01,0.03,0.03,
430.97,0.40,0.21,0.12,0.04,0.04,0.06,0.01,-0.02,0.01,0.02,0.02,0.01,
431.39,0.38,0.19,0.12,0.05,0.03,0.06,-0.01,-0.02,-0.01,0.02,0.02,0.01,
431.81,0.37,0.19,0.13,0.05,0.02,0.05,-0.01,-0.05,-0.01,0.01,0.00,0.02,
432.24,0.36,0.20,0.13,0.03,0.03,0.05,-0.01,-0.04,-0.01,-0.01,0.01,0.02,
432.66,0.38,0.19,0.12,0.02,0.02,0.06,-0.02,-0.02,-0.02,-0.01,0.02,0.02,
433.08,0.40,0.20,0.12,0.01,0.01,0.04,-0.02,-0.02,-0.04,-0.02,0.03,0.01,
433.51,0.41,0.20,0.11,0.03,0.01,0.04,-0.01,-0.02,-0.04,-0.02,0.03,0.01,
433.93,0.40,0.22,0.11,0.03,0.01,0.05,-0.00,-0.01,-0.02,0.01,-0.01,0.03,
434.35,0.43,0.21,0.13,0.03,0.01,0.03,0.01,-0.02,-0.04,0.00,0.00,0.02,
434.77,0.44,0.22,0.13,0.05,0.02,0.02,-0.01,-0.02,-0.02,0.02,0.01,0.01,
435.20,0.43,0.23,0.13,0.05,0.02,0.02,-0.02,-0.01,-0.01,0.02,0.02,0.00,
435.62,0.45,0.24,0.12,0.03,0.02,0.02,-0.00,0.00,-0.01,-0.00,0.02,-0.00,
436.04,0.46,0.25,0.12,0.01,0.03,0.02,0.01,-0.01,0.00,-0.00,0.02,-0.01,
436.47,0.46,0.25,0.15,0.02,0.04,0.05,0.01,-0.02,0.01,0.01,-0.01,-0.02,
436.89,0.46,0.23,0.14,0.04,0.03,0.05,-0.00,-0.00,0.00,0.02,-0.02,-0.03,
437.31,0.44,0.22,0.15,0.02,0.03,0.03,-0.01,-0.02,-0.01,0.01,-0.03,-0.02,
437.73,0.44,0.21,0.17,0.02,0.03,0.02,-0.02,-0.02,0.00,-0.01,-0.02,-0.03,
438.16,0.46,0.19,0.17,0.02,0.03,0.03,-0.05,-0.00,0.02,-0.01,0.01,-0.03,
438.58,0.48,0.20,0.16,0.01,0.02,0.01,-0.03,0.00,0.02,-0.02,0.02,-0.02,
439.00,0.48,0.21,0.15,0.02,0.02,0.01,-0.02,0.01,0.02,-0.02,0.00,-0.03,
439.43,0.47,0.23,0.15,0.04,0.02,0.02,-0.03,0.01,0.03,-0.02,-0.02,-0.01,
439.85,0.50,0.22,0.15,0.05,0.03,0.02,-0.01,0.00,0.01,-0.01,-0.02,-0.03,
440.27,0.50,0.20,0.15,0.06,0.04,0.00,-0.02,-0.01,0.00,0.01,-0.00,-0.03,
440.69,0.46,0.20,0.15,0.05,0.04,0.00,-0.02,0.00,0.02,0.00,-0.01,-0.02,
441.12,0.47,0.21,0.14,0.05,0.03,0.01,-0.01,0.02,0.01,-0.01,0.00,-0.03,
441.54,0.49,0.22,0.14,0.02,0.04,0.01,0.00,0.01,0.01,-0.01,-0.01,-0.02,
441.96,0.49,0.23,0.17,0.02,0.05,0.02,0.01,0.01,0.00,-0.01,-0.02,-0.01,
442.38,0.47,0.21,0.15,0.05,0.02,0.03,0.00,0.03,-0.00,0.01,-0.03,-0.01,
442.81,0.47,0.21,0.14,0.05,0.02,0.01,-0.00,0.01,-0.01,0.01,-0.03,0.01,
443.23,0.47,0.21,0.15,0.04,0.03,0.00,-0.01,0.01,-0.01,0.00,-0.03,0.02,
443.65,0.47,0.20,0.15,0.06,0.02,-0.00,-0.03,0.02,0.01,0.00,-0.00,0.03,
444.07,0.48,0.21,0.14,0.05,0.02,0.00,-0.01,0.02,0.00,-0.01,0.02,0.03,
444.50,0.49,0.23,0.12,0.05,0.02,-0.01,0.00,0.02,-0.01,0.00,0.01,0.03,
444.92,0.48,0.24,0.12,0.07,0.03,0.01,-0.00,0.01,0.01,0.02,-0.02,0.03,
445.34,0.50,0.24,0.14,0.07,0.05,0.02,0.01,-0.00,0.00,0.03,-0.01,0.01,
445.76,0.50,0.23,0.14,0.07,0.04,0.01,0.00,-0.00,-0.01,0.05,-0.01,0.00,
446.19,0.47,0.23,0.13,0.07,0.04,0.01,-0.01,-0.01,0.00,0.03,-0.01,0.01,
446.61,0.47,0.24,0.12,0.05,0.05,0.03,-0.01,0.00,0.01,0.02,-0.01,0.01,
447.03,0.48,0.25,0.13,0.03,0.05,0.03,-0.01,-0.00,0.01,0.01,-0.01,0.01,
447.45,0.50,0.25,0.14,0.03,0.07,0.03,0.00,-0.01,0.01,0.00,-0.01,0.00,
447.87,0.50,0.25,0.13,0.05,0.05,0.03,-0.01,0.00,0.01,0.01,-0.02,0.01,
448.30,0.48,0.25,0.11,0.06,0.04,0.02,-0.01,-0.01,0.00,-0.00,-0.02,0.02,
448.72,0.49,0.24,0.12,0.05,0.05,0.00,-0.02,-0.03,-0.02,-0.01,-0.01,0.01,
449.14,0.50,0.24,0.12,0.07,0.05,-0.01,-0.03,-0.01,-0.01,-0.00,0.01,0.01,
449.56,0.49,0.24,0.12,0.06,0.05,-0.01,-0.03,-0.00,-0.01,-0.02,0.02,0.01,
449.99,0.51,0.26,0.12,0.05,0.04,-0.01,-0.01,0.01,-0.01,-0.02,0.01,0.01,
450.41,0.51,0.28,0.11,0.06,0.04,-0.01,-0.00,0.01,-0.00,0.00,-0.01,0.00,
450.83,0.51,0.28,0.12,0.07,0.05,0.01,0.01,0.00,-0.01,0.01,-0.01,0.00,
451.25,0.51,0.27,0.13,0.06,0.05,0.01,0.00,0.00,-0.03,0.01,-0.01,-0.01,
451.67,0.49,0.26,0.12,0.06,0.04,-0.02,-0.00,-0.02,-0.03,0.01,-0.03,0.00,
452.10,0.48,0.26,0.12,0.05,0.05,-0.01,-0.01,-0.02,-0.02,0.01,-0.04,0.02,
452.52,0.50,0.25,0.13,0.03,0.04,0.00,-0.01,-0.02,-0.01,-0.01,-0.02,0.03,
452.94,0.52,0.26,0.15,0.02,0.03,-0.01,0.00,-0.01,-0.02,-0.02,-0.00,0.01,
453.36,0.53,0.25,0.13,0.04,0.01,0.00,-0.00,-0.00,-0.01,0.00,-0.01,0.02,
453.78,0.51,0.27,0.13,0.06,0.00,0.01,-0.01,0.00,0.00,0.02,-0.02,0.03,
454.20,0.51,0.26,0.14,0.05,0.01,-0.01,-0.01,-0.01,-0.01,0.01,-0.03,0.01,
454.63,0.52,0.24,0.14,0.05,0.01,-0.01,-0.02,-0.01,-0.01,0.03,-0.01,0.01,
455.05,0.50,0.25,0.15,0.05,0.02,0.01,-0.01,-0.00,0.01,0.03,-0.02,0.01,
455.47,0.50,0.27,0.14,0.03,0.01,0.01,0.01,0.01,0.01,0.01,-0.02,0.01,
455.89,0.52,0.28,0.13,0.02,0.02,0.02,0.02,-0.01,0.01,0.02,-0.04,0.01,
456.31,0.51,0.27,0.15,0.03,0.03,0.05,0.03,-0.02,0.01,0.04,-0.05,0.00,
456.74,0.50,0.26,0.15,0.04,0.03,0.04,0.03,-0.02,0.01,0.04,-0.04,-0.01,
457.16,0.49,0.25,0.16,0.02,0.03,0.02,0.03,-0.04,0.01,0.02,-0.06,-0.01,
457.58,0.47,0.25,0.16,0.01,0.02,0.03,0.02,-0.03,0.02,0.02,-0.05,0.01,
458.00,0.48,0.24,0.17,0.00,0.01,0.05,-0.00,-0.01,0.03,0.01,-0.02,0.00,
458.42,0.50,0.25,0.17,0.00,0.01,0.03,0.01,0.00,0.02,-0.02,0.00,-0.01,
458.84,0.50,0.27,0.17,0.02,0.01,0.04,0.02,0.01,0.01,-0.02,-0.01,-0.00,
459.27,0.50,0.28,0.15,0.04,0.01,0.05,0.01,0.00,0.02,-0.01,-0.04,0.01,
459.69,0.50,0.27,0.16,0.06,0.03,0.04,0.03,-0.01,-0.01,-0.02,-0.03,-0.01,
460.11,0.48,0.25,0.16,0.05,0.04,0.03,0.02,-0.01,-0.01,-0.01,-0.03,-0.02,
460.53,0.47,0.24,0.16,0.06,0.05,0.04,0.02,-0.01,0.00,-0.02,-0.02,-0.00,
460.95,0.48,0.24,0.15,0.05,0.05,0.04,0.03,0.02,0.01,-0.02,-0.01,-0.02,
461.37,0.50,0.26,0.15,0.03,0.07,0.04,0.06,0.01,0.01,-0.03,-0.03,-0.01,
461.79,0.51,0.26,0.18,0.04,0.07,0.07,0.06,0.01,0.00,-0.02,-0.04,-0.02,
462.22,0.51,0.24,0.17,0.08,0.05,0.06,0.07,0.02,0.01,-0.01,-0.04,-0.03,
462.64,0.50,0.25,0.16,0.06,0.05,0.03,0.06,0.00,-0.01,-0.03,-0.04,-0.02,
463.06,0.49,0.23,0.17,0.06,0.04,0.04,0.04,-0.01,-0.03,-0.03,-0.04,-0.01,
463.48,0.50,0.21,0.16,0.08,0.04,0.02,0.02,0.03,-0.01,-0.03,-0.02,-0.01,
463.90,0.51,0.22,0.16,0.07,0.05,0.01,0.04,0.03,-0.00,-0.05,-0.01,-0.00,
464.32,0.50,0.24,0.15,0.09,0.05,0.00,0.06,0.04,-0.00,-0.04,-0.02,0.00,
464.74,0.50,0.26,0.14,0.11,0.05,0.01,0.06,0.02,-0.00,0.00,-0.05,0.01,
465.16,0.53,0.25,0.14,0.12,0.07,0.01,0.08,0.02,0.00,0.02,-0.04,-0.02,
465.59,0.51,0.22,0.16,0.12,0.08,-0.01,0.07,0.01,-0.02,0.03,-0.03,-0.02,
466.01,0.47,0.21,0.16,0.10,0.08,-0.00,0.05,-0.01,-0.00,0.03,-0.05,-0.01,
466.43,0.48,0.22,0.15,0.08,0.06,0.01,0.05,0.00,0.01,0.03,-0.05,-0.00,
466.85,0.51,0.23,0.16,0.04,0.07,0.03,0.04,-0.00,0.01,0.02,-0.05,-0.01,
467.27,0.50,0.24,0.18,0.04,0.05,0.03,0.07,-0.02,0.00,0.02,-0.09,-0.02,
467.69,0.51,0.24,0.14,0.06,0.02,0.04,0.06,-0.01,-0.00,0.05,-0.09,-0.01,
468.11,0.48,0.25,0.12,0.06,0.02,0.01,0.03,-0.02,0.02,0.03,-0.09,0.02,
468.53,0.48,0.23,0.13,0.05,0.02,0.00,0.00,-0.05,-0.03,0.02,-0.08,0.03,
468.95,0.49,0.22,0.11,0.08,0.01,0.00,-0.02,-0.02,-0.02,0.03,-0.06,0.02,
469.38,0.48,0.24,0.12,0.08,0.03,-0.01,-0.02,0.01,0.01,0.01,-0.04,0.02,
469.80,0.50,0.26,0.12,0.07,0.02,0.00,0.01,0.00,0.01,-0.01,-0.04,0.02,
470.22,0.50,0.27,0.12,0.08,0.02,0.02,0.01,-0.02,0.00,0.03,-0.08,0.01,
470.64,0.51,0.27,0.12,0.09,0.05,0.04,0.04,-0.02,-0.03,0.04,-0.09,-0.01,
471.06,0.51,0.22,0.12,0.08,0.06,0.03,0.01,-0.02,-0.04,0.03,-0.09,-0.03,
471.48,0.46,0.20,0.12,0.05,0.03,0.00,-0.02,-0.07,-0.05,0.01,-0.11,-0.01,
471.90,0.46,0.17,0.12,0.03,0.01,0.03,0.00,-0.06,-0.03,0.01,-0.09,-0.01,
472.32,0.48,0.15,0.12,0.01,-0.01,0.03,-0.01,-0.02,-0.01,-0.02,-0.07,0.00,
472.74,0.50,0.15,0.13,-0.02,0.01,0.00,0.02,-0.04,-0.02,-0.07,-0.05,-0.02,
473.16,0.47,0.17,0.09,0.04,-0.04,0.01,0.04,-0.02,-0.02,-0.04,-0.07,-0.02,
473.58,0.46,0.19,0.06,0.06,-0.03,0.01,-0.01,-0.02,0.02,-0.05,-0.06,0.02,
474.01,0.47,0.15,0.09,0.06,0.00,-0.03,-0.04,-0.03,-0.03,-0.06,-0.03,0.00,
474.43,0.44,0.12,0.10,0.06,-0.01,-0.05,-0.06,-0.01,-0.04,-0.03,0.01,-0.03,
474.85,0.40,0.12,0.11,0.06,-0.03,-0.03,-0.05,0.01,0.00,-0.03,0.04,-0.03,
475.27,0.43,0.15,0.09,0.01,-0.02,-0.03,-0.02,0.03,0.03,-0.05,0.06,-0.05,
475.69,0.46,0.16,0.05,0.00,-0.03,-0.01,0.00,0.01,0.01,-0.02,0.02,-0.05,
476.11,0.45,0.16,0.07,-0.01,0.00,0.06,0.03,-0.01,0.02,-0.01,-0.01,-0.08,
476.53,0.46,0.16,0.05,-0.01,-0.05,0.05,0.00,-0.03,0.02,-0.01,0.01,-0.09,
476.95,0.43,0.16,0.08,-0.04,-0.08,0.01,-0.03,-0.06,0.03,-0.01,0.01,-0.07,
477.37,0.39,0.15,0.08,-0.07,-0.09,0.03,-0.05,-0.05,0.02,-0.04,0.01,-0.06,
477.79,0.40,0.15,0.09,-0.10,-0.11,0.06,-0.09,0.01,0.05,-0.03,0.03,-0.06,
478.21,0.43,0.19,0.10,-0.12,-0.09,0.01,-0.07,0.03,0.05,-0.07,0.02,-0.06,
478.63,0.42,0.22,0.08,-0.08,-0.10,0.03,-0.05,0.04,0.04,-0.04,0.01,-0.06,
479.05,0.39,0.25,0.06,-0.01,-0.13,0.04,-0.06,0.03,0.06,-0.02,-0.01,0.01,
479.47,0.43,0.25,0.10,-0.02,-0.09,0.01,-0.10,0.00,0.02,0.00,0.02,-0.03,
479.89,0.42,0.21,0.14,-0.04,-0.07,-0.03,-0.09,0.01,-0.03,0.04,0.04,-0.04,
480.31,0.37,0.19,0.14,-0.03,-0.08,-0.01,-0.06,0.01,0.02,-0.01,0.04,-0.03,
480.74,0.42,0.20,0.11,-0.06,-0.10,-0.01,-0.01,0.05,0.03,-0.04,0.02,-0.03,
481.16,0.46,0.22,0.14,-0.11,-0.05,0.01,0.01,0.04,0.03,-0.03,-0.01,-0.01,
481.58,0.47,0.21,0.16,-0.06,-0.01,0.05,0.05,0.00,-0.02,-0.01,-0.07,-0.02,
482.00,0.47,0.21,0.13,-0.04,-0.04,0.04,0.04,0.01,-0.01,0.02,-0.09,-0.01,
482.42,0.44,0.23,0.14,-0.04,-0.04,-0.01,-0.01,-0.01,-0.04,0.03,-0.10,0.03,
482.84,0.42,0.20,0.14,-0.06,0.01,0.00,-0.02,0.00,-0.06,0.00,-0.13,0.02,
483.26,0.41,0.17,0.13,-0.05,0.01,0.00,-0.03,0.04,-0.04,-0.01,-0.09,0.03,
483.68,0.44,0.17,0.12,-0.05,0.04,-0.02,0.01,0.07,-0.01,-0.03,-0.06,0.05,
484.10,0.44,0.21,0.11,-0.01,0.04,-0.03,0.04,0.07,-0.03,-0.03,-0.09,0.06,
484.52,0.42,0.23,0.07,0.04,0.02,0.01,0.01,0.05,-0.01,0.01,-0.10,0.07,
484.94,0.45,0.25,0.07,0.06,0.07,-0.01,0.01,0.03,-0.04,0.07,-0.05,0.01,
485.36,0.43,0.20,0.08,0.04,0.08,-0.03,-0.03,0.00,-0.07,0.10,-0.04,-0.03,
485.78,0.37,0.18,0.06,0.04,0.07,-0.03,-0.01,-0.01,-0.04,0.07,-0.07,0.00,
486.20,0.38,0.17,0.06,0.04,0.07,-0.02,0.02,0.00,-0.01,0.04,-0.05,-0.01,
486.62,0.42,0.19,0.09,-0.01,0.09,-0.01,0.03,-0.01,-0.03,0.04,-0.05,-0.02,
487.04,0.42,0.19,0.13,0.01,0.10,0.05,0.02,-0.04,-0.06,0.05,-0.10,-0.04,
487.46,0.41,0.18,0.09,0.08,0.06,0.05,0.01,-0.01,-0.04,0.05,-0.09,-0.04,
487.88,0.39,0.21,0.10,0.05,0.04,0.01,-0.03,-0.01,-0.01,0.02,-0.06,0.00,
488.30,0.37,0.18,0.13,0.04,0.05,-0.01,-0.05,-0.02,-0.05,0.01,-0.07,-0.02,
488.72,0.37,0.12,0.12,0.08,0.04,-0.03,-0.08,0.02,-0.01,0.03,-0.03,-0.01,
489.14,0.37,0.12,0.14,0.06,0.03,-0.05,-0.05,0.06,0.02,-0.01,0.05,0.00,
489.56,0.39,0.14,0.13,0.07,0.02,-0.06,-0.02,0.08,0.01,-0.01,0.02,-0.02,
489.98,0.39,0.17,0.12,0.09,0.01,-0.03,-0.02,0.05,-0.01,0.05,-0.03,-0.02,
490.40,0.42,0.14,0.11,0.11,0.05,-0.04,0.03,0.03,-0.02,0.07,-0.01,-0.07,
490.82,0.41,0.10,0.14,0.10,0.05,-0.05,0.00,0.00,-0.05,0.07,0.01,-0.09,
491.24,0.38,0.10,0.18,0.08,0.04,-0.05,-0.01,-0.03,-0.05,0.03,-0.06,-0.05,
491.66,0.40,0.10,0.15,0.08,0.05,-0.02,0.03,0.01,-0.03,0.00,-0.04,-0.05,
492.08,0.44,0.09,0.17,0.05,0.05,0.01,0.05,0.03,-0.01,-0.01,-0.02,-0.04,
492.50,0.46,0.13,0.19,0.04,0.05,0.00,0.07,0.00,-0.07,-0.04,-0.04,-0.04,
492.92,0.46,0.16,0.14,0.10,0.00,0.02,0.06,0.03,-0.02,0.01,-0.07,-0.02,
493.34,0.45,0.21,0.09,0.08,-0.03,-0.05,0.03,0.03,0.02,0.00,-0.04,0.04,
493.76,0.48,0.19,0.11,0.06,0.00,-0.08,0.01,-0.02,-0.01,-0.03,-0.04,0.02,
494.18,0.45,0.13,0.09,0.09,-0.01,-0.09,-0.02,0.02,-0.02,0.02,-0.02,0.00,
494.60,0.41,0.12,0.11,0.09,-0.03,-0.08,-0.02,0.03,0.04,-0.01,0.05,0.01,
495.02,0.46,0.16,0.09,0.06,-0.02,-0.08,0.00,0.04,0.02,-0.01,0.05,-0.02,
495.44,0.47,0.19,0.09,0.09,0.00,-0.06,0.02,0.00,0.01,0.02,-0.02,-0.02,
495.86,0.45,0.22,0.12,0.10,0.05,0.02,0.06,-0.02,-0.01,0.05,-0.03,-0.02,
496.28,0.44,0.19,0.12,0.10,0.03,0.02,0.02,-0.05,-0.01,0.01,-0.02,-0.01,
496.70,0.40,0.18,0.13,0.06,0.04,-0.02,-0.02,-0.09,-0.01,0.00,-0.05,0.03,
497.12,0.40,0.17,0.15,0.02,0.01,0.01,0.01,-0.07,0.02,-0.02,-0.05,0.05,
497.54,0.41,0.12,0.14,-0.01,0.00,0.01,0.01,-0.05,0.07,-0.03,-0.02,0.05,
497.95,0.43,0.14,0.16,-0.05,-0.01,-0.02,0.02,-0.03,0.05,-0.09,-0.02,0.02,
498.37,0.41,0.18,0.12,-0.01,-0.02,-0.02,0.00,0.03,0.05,-0.08,-0.05,0.05,
498.79,0.41,0.18,0.10,0.02,-0.05,-0.02,-0.04,0.02,0.11,-0.04,-0.07,0.06,
499.21,0.44,0.16,0.12,0.02,-0.02,-0.07,-0.08,0.00,0.05,-0.05,-0.03,0.02,
499.63,0.41,0.12,0.14,0.04,-0.01,-0.07,-0.12,0.02,0.02,-0.03,-0.02,-0.01,
500.05,0.33,0.10,0.15,0.05,0.01,-0.04,-0.12,0.02,0.04,-0.02,0.03,-0.01,
500.47,0.36,0.13,0.14,0.02,-0.01,-0.05,-0.08,0.04,0.06,-0.05,0.06,-0.03,
500.89,0.39,0.17,0.14,-0.02,0.05,-0.02,-0.07,0.04,0.04,-0.05,0.01,-0.02,
501.31,0.40,0.18,0.18,0.01,0.06,0.03,-0.03,0.01,0.02,-0.07,-0.02,-0.05,
501.73,0.39,0.16,0.18,0.04,0.00,0.02,-0.04,0.01,0.01,-0.04,-0.01,-0.04,
502.15,0.36,0.19,0.18,0.01,-0.01,-0.04,-0.07,-0.04,0.01,-0.04,0.00,-0.03,
502.57,0.33,0.16,0.18,-0.01,-0.01,-0.03,-0.08,-0.04,0.01,-0.03,0.00,-0.04,
502.99,0.34,0.14,0.18,-0.01,-0.04,0.01,-0.12,0.01,0.00,-0.04,0.04,-0.04,
503.41,0.36,0.17,0.17,-0.02,-0.02,-0.01,-0.11,0.05,0.00,-0.07,0.09,-0.04,
503.83,0.36,0.23,0.15,-0.01,-0.05,0.00,-0.09,0.05,-0.03,-0.06,0.06,-0.04,
504.25,0.35,0.26,0.14,0.04,-0.04,0.01,-0.14,0.02,0.00,-0.01,0.04,0.00,
504.67,0.40,0.24,0.15,0.03,0.00,-0.01,-0.14,-0.01,-0.04,0.01,0.07,-0.03,
505.08,0.38,0.20,0.15,0.02,0.02,-0.01,-0.16,-0.01,-0.04,0.02,0.09,-0.04,
505.50,0.31,0.18,0.17,0.04,0.05,0.03,-0.14,-0.05,-0.02,-0.01,0.08,-0.03,
505.92,0.31,0.18,0.14,0.01,0.05,0.03,-0.08,-0.03,-0.01,-0.02,0.10,-0.04,
506.34,0.37,0.19,0.16,-0.05,0.05,0.03,-0.05,-0.02,-0.01,-0.01,0.05,-0.02,
506.76,0.39,0.20,0.20,-0.03,0.07,0.09,-0.03,-0.04,-0.03,-0.01,0.01,-0.04,
507.18,0.38,0.20,0.15,0.00,0.01,0.08,-0.03,-0.04,-0.03,0.04,0.00,-0.03,
507.60,0.35,0.22,0.13,-0.04,-0.01,0.07,-0.06,-0.06,0.02,0.05,0.01,0.02,
508.02,0.36,0.20,0.12,-0.05,0.01,0.07,-0.10,-0.06,-0.01,0.03,0.01,0.01,
508.44,0.35,0.13,0.11,-0.03,-0.02,0.08,-0.14,-0.01,0.01,0.04,0.05,-0.01,
508.86,0.37,0.16,0.09,-0.03,-0.01,0.07,-0.10,0.02,0.03,-0.01,0.11,0.01,
509.28,0.40,0.18,0.08,-0.03,-0.03,0.05,-0.06,0.03,0.03,0.01,0.10,-0.01,
509.70,0.39,0.19,0.05,-0.01,-0.03,0.05,-0.07,0.00,0.06,0.05,0.05,-0.01,
510.11,0.40,0.18,0.04,0.04,0.04,0.05,-0.05,-0.01,0.04,0.07,0.06,-0.05,
510.53,0.40,0.13,0.06,0.02,0.07,0.04,-0.08,-0.02,0.03,0.06,0.06,-0.07,
510.95,0.33,0.12,0.07,0.03,0.04,0.03,-0.08,-0.07,0.04,0.05,0.03,-0.07,
511.37,0.32,0.12,0.09,0.00,0.02,0.05,-0.05,-0.05,0.05,0.02,0.04,-0.07,
511.79,0.37,0.11,0.09,-0.05,0.01,0.06,-0.03,-0.03,0.07,0.03,0.03,-0.05,
512.21,0.41,0.15,0.11,-0.03,0.00,0.07,-0.02,-0.03,0.05,0.02,0.01,-0.05,
512.63,0.37,0.17,0.05,0.02,-0.04,0.08,0.01,-0.01,0.06,0.05,-0.02,-0.06,
513.05,0.33,0.17,0.03,-0.01,-0.05,0.01,-0.02,-0.03,0.10,0.06,-0.01,0.00,
513.47,0.35,0.17,0.06,-0.01,-0.01,0.01,-0.06,-0.05,0.06,0.02,-0.01,-0.01,
513.88,0.32,0.12,0.05,0.03,0.01,-0.03,-0.08,-0.01,0.03,0.04,0.01,-0.04,
514.30,0.25,0.14,0.06,0.02,0.00,-0.02,-0.06,0.02,0.07,-0.01,0.05,-0.02,
514.72,0.30,0.16,0.04,0.00,0.00,-0.04,-0.01,0.02,0.04,-0.04,0.04,-0.04,
515.14,0.29,0.18,0.05,0.02,0.03,-0.03,-0.02,0.01,0.01,0.00,-0.02,-0.04,
515.56,0.30,0.16,0.07,0.04,0.09,-0.01,0.01,-0.01,0.01,0.02,-0.04,-0.06,
515.98,0.29,0.13,0.09,0.02,0.09,-0.01,-0.01,-0.04,-0.04,0.00,-0.01,-0.06,
516.40,0.26,0.13,0.11,-0.03,0.08,-0.02,-0.04,-0.10,-0.01,-0.02,-0.05,-0.06,
516.82,0.21,0.13,0.12,-0.04,0.06,-0.01,0.01,-0.06,-0.01,-0.02,-0.04,-0.05,
517.23,0.25,0.09,0.11,-0.09,0.06,0.01,0.02,-0.02,-0.01,-0.05,-0.01,-0.03,
517.65,0.28,0.13,0.09,-0.11,0.07,-0.01,0.03,-0.01,-0.02,-0.08,0.01,-0.04,
518.07,0.28,0.15,0.08,-0.08,0.04,0.01,0.04,0.02,-0.02,-0.06,0.00,-0.03,
518.49,0.25,0.17,0.05,-0.07,0.05,0.00,-0.01,0.01,0.01,-0.06,0.00,0.01,
518.91,0.30,0.15,0.08,-0.05,0.09,-0.02,-0.05,-0.02,-0.05,-0.10,0.02,-0.01,
519.33,0.30,0.12,0.11,0.00,0.09,0.01,-0.07,-0.02,-0.07,-0.07,0.05,-0.04,
519.75,0.25,0.10,0.11,0.02,0.08,0.00,-0.05,-0.01,-0.03,-0.08,0.11,-0.05,
520.17,0.30,0.12,0.11,-0.02,0.07,0.02,-0.02,-0.02,-0.03,-0.11,0.11,-0.08,
520.58,0.34,0.13,0.12,-0.01,0.10,0.03,0.01,-0.05,-0.05,-0.08,0.07,-0.08,
521.00,0.35,0.12,0.19,0.00,0.12,0.05,0.03,-0.06,-0.02,-0.05,0.03,-0.08,
521.42,0.35,0.11,0.16,0.01,0.09,0.05,0.02,-0.10,-0.03,-0.02,0.02,-0.09,
521.84,0.32,0.12,0.18,-0.01,0.05,0.03,-0.02,-0.16,-0.02,-0.04,0.04,-0.05,
522.26,0.30,0.11,0.19,-0.02,0.02,0.04,-0.02,-0.15,-0.01,-0.04,0.00,-0.06,
522.68,0.32,0.06,0.18,0.01,-0.02,0.04,-0.05,-0.09,-0.02,-0.02,0.02,-0.05,
523.09,0.37,0.06,0.15,-0.02,0.00,0.01,-0.04,-0.06,-0.03,-0.08,0.08,-0.03,
523.51,0.38,0.11,0.13,0.01,-0.02,0.02,-0.05,-0.03,-0.03,-0.06,0.05,-0.05,
523.93,0.36,0.12,0.12,0.07,-0.05,0.02,-0.06,-0.05,0.00,0.02,0.00,-0.01,
524.35,0.37,0.09,0.11,0.06,0.02,-0.02,-0.10,-0.06,-0.04,-0.02,0.01,-0.06,
524.77,0.34,0.05,0.11,0.03,0.03,-0.02,-0.13,-0.06,-0.06,0.01,0.02,-0.07,
525.19,0.25,0.03,0.11,0.02,0.00,-0.01,-0.13,-0.09,-0.05,-0.01,0.03,-0.07,
525.60,0.25,0.03,0.07,0.01,0.00,-0.02,-0.09,-0.06,-0.02,-0.04,0.02,-0.06,
526.02,0.26,0.02,0.09,-0.06,0.04,0.01,-0.07,-0.07,-0.02,-0.02,-0.02,-0.06,
526.44,0.28,0.02,0.12,-0.06,0.04,0.05,-0.04,-0.06,-0.04,-0.01,-0.06,-0.03,
526.86,0.29,0.04,0.06,-0.06,0.00,0.05,-0.08,-0.06,-0.06,0.02,-0.07,-0.02,
527.28,0.26,0.08,0.02,-0.07,0.01,0.04,-0.10,-0.08,-0.05,-0.03,-0.09,0.02,
527.70,0.22,0.05,0.03,-0.10,0.02,0.02,-0.12,-0.07,-0.06,-0.03,-0.08,0.00,
528.11,0.20,0.03,0.03,-0.06,-0.02,0.03,-0.17,0.02,-0.06,-0.02,-0.06,0.03,
528.53,0.18,0.02,0.01,-0.05,0.01,0.02,-0.10,0.03,-0.05,-0.09,-0.01,0.04,
528.95,0.18,0.06,0.00,-0.03,-0.01,0.02,-0.06,0.06,-0.03,-0.08,-0.02,0.06,
529.37,0.15,0.08,0.02,0.01,0.00,0.02,-0.08,0.06,-0.03,-0.01,-0.09,0.06,
529.79,0.15,0.08,0.04,0.03,0.06,0.02,-0.06,0.00,-0.05,-0.02,-0.07,0.02,
530.21,0.14,0.02,0.03,0.03,0.07,0.02,-0.08,-0.04,-0.09,-0.03,-0.05,0.00,
530.62,0.08,0.01,0.05,0.04,0.03,0.01,-0.05,-0.10,-0.09,-0.03,-0.06,0.02,
531.04,0.06,-0.01,0.06,0.01,0.00,0.02,0.01,-0.06,-0.08,-0.05,-0.05,-0.01,
531.46,0.14,-0.04,0.06,-0.08,-0.01,0.03,0.02,-0.06,-0.05,-0.05,-0.07,0.00,
531.88,0.15,0.00,0.10,-0.08,0.00,0.02,0.03,-0.04,-0.09,-0.02,-0.11,-0.03,
532.30,0.15,0.02,0.06,-0.05,-0.07,0.05,0.07,0.00,-0.08,0.01,-0.12,-0.03,
532.71,0.12,0.04,0.03,-0.03,-0.07,0.02,0.02,-0.02,-0.05,0.01,-0.11,0.01,
533.13,0.15,0.03,0.07,-0.03,-0.07,-0.02,0.01,-0.02,-0.07,0.02,-0.11,0.01,
533.55,0.12,-0.02,0.07,0.02,-0.07,-0.03,-0.02,0.02,-0.06,0.07,-0.07,0.00,
533.97,0.11,-0.02,0.07,0.01,-0.08,-0.04,0.02,0.07,-0.02,0.02,-0.02,0.02,
534.39,0.17,0.00,0.03,-0.02,-0.06,-0.03,0.04,0.08,-0.02,0.01,-0.01,0.02,
534.80,0.19,0.06,0.03,-0.03,-0.07,-0.02,0.03,0.08,-0.02,0.08,-0.06,0.01,
535.22,0.20,0.07,0.07,0.00,0.00,0.02,0.07,0.02,-0.02,0.07,-0.05,-0.03,
535.64,0.21,0.07,0.04,0.00,-0.01,0.01,0.03,-0.02,-0.03,0.09,-0.03,-0.04,
536.06,0.18,0.12,0.05,-0.03,-0.04,-0.02,0.02,-0.05,-0.02,0.10,-0.07,0.00,
536.48,0.16,0.11,0.08,-0.06,-0.08,0.02,0.07,-0.02,-0.01,0.08,-0.05,-0.01,
536.89,0.21,0.10,0.07,-0.06,-0.06,0.04,0.04,0.02,0.03,0.10,-0.06,0.01,
537.31,0.28,0.11,0.08,-0.04,-0.06,0.02,0.06,0.04,-0.01,0.10,-0.07,0.01,
537.73,0.25,0.14,0.08,0.04,-0.08,0.03,0.05,0.07,0.00,0.12,-0.10,0.01,
538.15,0.23,0.12,0.04,0.07,-0.07,0.03,0.00,0.01,0.03,0.12,-0.11,0.07,
538.56,0.26,0.12,0.06,0.11,-0.04,0.01,-0.04,-0.04,-0.02,0.12,-0.09,0.06,
538.98,0.27,0.08,0.07,0.09,-0.03,0.00,-0.07,-0.02,-0.01,0.16,-0.06,0.02,
539.40,0.21,0.05,0.08,0.10,-0.02,0.03,-0.07,-0.01,0.04,0.07,-0.02,-0.01,
539.82,0.27,0.06,0.04,0.06,-0.04,0.04,-0.07,-0.01,0.01,0.06,0.00,-0.04,
540.24,0.32,0.08,0.06,0.07,0.00,0.05,-0.05,-0.01,-0.01,0.12,-0.05,-0.05,
540.65,0.30,0.10,0.11,0.07,0.02,0.12,0.02,-0.05,-0.04,0.15,-0.06,-0.08,
541.07,0.31,0.10,0.09,0.08,0.02,0.09,-0.05,-0.07,-0.04,0.14,-0.02,-0.10,
541.49,0.27,0.13,0.07,0.02,0.02,0.06,-0.08,-0.12,-0.06,0.12,-0.04,-0.08,
541.91,0.24,0.12,0.07,-0.01,-0.02,0.08,-0.07,-0.11,-0.06,0.08,-0.04,-0.07,
542.32,0.27,0.03,0.07,0.02,0.00,0.12,-0.10,-0.03,-0.04,0.09,0.01,-0.06,
542.74,0.32,0.03,0.06,-0.02,0.05,0.07,-0.08,-0.01,-0.05,0.07,0.05,-0.09,
543.16,0.31,0.09,0.02,-0.02,0.00,0.08,-0.07,0.02,-0.06,0.09,0.02,-0.07,
543.58,0.27,0.12,0.02,0.02,0.01,0.08,-0.10,0.01,-0.01,0.10,0.03,-0.03,
543.99,0.33,0.12,0.03,0.02,0.08,0.07,-0.14,0.00,-0.04,0.08,0.06,-0.07,
544.41,0.33,0.09,0.05,0.00,0.08,0.06,-0.17,0.02,-0.05,0.10,0.10,-0.10,
544.83,0.26,0.09,0.06,-0.02,0.08,0.03,-0.16,0.02,-0.03,0.04,0.13,-0.10,
545.25,0.32,0.09,0.03,-0.03,0.06,0.04,-0.13,0.05,-0.05,-0.02,0.15,-0.12,
545.66,0.35,0.08,0.07,-0.06,0.08,0.05,-0.08,0.04,-0.04,0.01,0.11,-0.08,
546.08,0.33,0.13,0.12,-0.03,0.12,0.08,-0.03,0.02,-0.08,0.05,0.07,-0.10,
546.50,0.28,0.13,0.06,-0.02,0.10,0.07,-0.06,-0.01,-0.07,0.05,0.03,-0.10,
546.92,0.26,0.12,0.06,-0.02,0.12,0.03,-0.10,-0.03,-0.06,-0.02,0.00,-0.09,
547.33,0.21,0.09,0.06,-0.03,0.09,0.02,-0.08,-0.03,-0.08,-0.01,-0.02,-0.10,
547.75,0.23,0.02,0.03,0.00,0.06,0.01,-0.14,0.06,-0.07,0.04,0.01,-0.09,
548.17,0.24,-0.02,0.06,-0.01,0.07,-0.02,-0.10,0.09,-0.03,-0.02,0.06,-0.12,
548.59,0.24,0.03,0.04,0.02,0.03,-0.02,-0.04,0.10,-0.04,-0.01,0.00,-0.10,
549.00,0.21,0.06,0.04,0.07,-0.02,0.00,-0.07,0.08,-0.03,0.03,-0.06,-0.06,
549.42,0.25,0.03,0.05,0.08,0.07,-0.02,-0.08,0.03,-0.06,0.02,-0.03,-0.12,
549.84,0.22,-0.01,0.03,0.03,0.06,-0.03,-0.10,-0.01,-0.08,0.00,-0.04,-0.14,
550.26,0.11,0.05,0.04,0.03,0.04,-0.04,-0.08,-0.05,-0.07,-0.01,-0.03,-0.12,
550.67,0.12,0.02,0.04,-0.01,0.03,-0.03,-0.04,0.02,-0.07,-0.03,-0.03,-0.10,
551.09,0.16,0.02,0.03,-0.04,0.05,-0.01,-0.01,0.02,-0.03,-0.02,-0.04,-0.09,
551.51,0.14,0.07,0.08,-0.03,0.06,-0.02,0.04,-0.01,-0.06,0.00,-0.09,-0.09,
551.93,0.13,0.10,0.01,0.01,0.01,0.00,0.01,0.03,-0.08,0.03,-0.10,-0.09,
552.34,0.09,0.07,0.00,-0.01,-0.03,-0.03,-0.05,-0.01,-0.01,0.00,-0.13,-0.06,
552.76,0.11,0.04,0.03,-0.03,-0.05,-0.06,-0.10,-0.03,-0.03,0.00,-0.10,-0.04,
553.18,0.12,0.02,0.03,-0.03,-0.09,-0.08,-0.11,0.01,-0.02,0.09,-0.06,0.00,
553.59,0.16,0.00,0.07,-0.03,-0.09,-0.07,-0.09,0.04,0.03,0.04,0.00,0.01,
554.01,0.18,0.03,0.06,-0.03,-0.09,-0.05,-0.04,0.04,0.03,0.01,-0.02,0.03,
554.43,0.21,0.09,0.08,-0.03,-0.11,-0.03,-0.08,0.03,-0.01,0.07,-0.07,0.05,
554.85,0.22,0.09,0.13,-0.05,-0.03,0.01,-0.08,-0.02,-0.03,0.06,-0.03,0.01,
555.26,0.19,0.09,0.10,-0.07,-0.03,-0.03,-0.10,-0.03,-0.07,0.04,-0.02,-0.02,
555.68,0.11,0.17,0.14,-0.08,-0.08,-0.04,-0.08,-0.06,-0.05,0.03,-0.03,0.02,
556.10,0.11,0.17,0.17,-0.07,-0.09,-0.02,-0.05,-0.03,-0.04,0.01,0.01,0.02,
556.51,0.18,0.09,0.17,-0.11,-0.10,0.00,-0.01,-0.02,-0.03,0.04,0.02,0.04,
556.93,0.22,0.11,0.20,-0.10,-0.10,-0.03,0.03,-0.02,-0.07,0.03,-0.05,-0.01,
557.35,0.21,0.16,0.17,-0.05,-0.14,0.00,0.01,0.01,-0.08,0.03,-0.10,0.01,
557.77,0.17,0.12,0.13,-0.06,-0.16,-0.02,-0.04,-0.01,0.01,0.06,-0.10,0.06,
558.18,0.17,0.12,0.14,-0.06,-0.12,-0.08,-0.09,-0.05,-0.04,0.05,-0.09,0.04,
558.60,0.16,0.11,0.15,-0.04,-0.11,-0.10,-0.11,0.01,-0.05,0.09,-0.02,0.04,
559.02,0.11,0.10,0.16,-0.03,-0.09,-0.08,-0.10,0.04,-0.03,0.04,0.04,0.06,
559.43,0.17,0.11,0.11,-0.04,-0.07,-0.08,-0.07,0.06,-0.04,0.01,0.04,0.04,
559.85,0.16,0.11,0.11,-0.02,-0.04,-0.04,-0.05,0.08,-0.07,0.03,-0.02,0.06,
560.27,0.16,0.12,0.19,-0.01,0.02,0.02,-0.01,0.04,-0.08,0.04,-0.04,-0.01,
560.68,0.12,0.13,0.12,0.03,0.04,0.00,-0.01,0.02,-0.09,0.04,-0.04,-0.02,
561.10,0.08,0.14,0.07,0.02,0.04,-0.05,-0.02,-0.04,-0.08,0.01,-0.07,0.00,
561.52,0.07,0.11,0.12,0.01,0.04,-0.03,0.01,0.00,-0.05,0.01,-0.09,0.01,
561.93,0.13,0.02,0.10,-0.04,0.04,-0.03,0.01,0.03,-0.03,0.05,-0.10,0.02,
562.35,0.17,0.01,0.05,-0.04,0.08,-0.09,0.01,0.04,-0.01,0.02,-0.12,-0.02,
562.77,0.18,0.05,0.04,-0.02,0.04,-0.09,-0.02,0.08,0.00,0.03,-0.15,0.00,
563.19,0.15,0.09,0.00,-0.01,0.04,-0.06,-0.04,0.04,0.04,0.07,-0.14,0.09,
563.60,0.22,0.06,0.02,0.00,0.08,-0.10,-0.08,0.01,-0.01,0.06,-0.09,0.04,
564.02,0.19,0.04,0.04,0.01,0.07,-0.10,-0.12,0.00,-0.04,0.07,-0.05,0.03,
564.44,0.14,0.05,0.06,0.01,0.08,-0.07,-0.10,-0.01,0.00,0.05,0.00,0.06,
564.85,0.14,0.05,0.05,-0.02,0.08,-0.04,-0.04,0.05,0.03,0.00,0.00,0.07,
565.27,0.22,0.04,0.05,-0.05,0.11,0.00,0.03,0.04,0.03,0.01,-0.04,0.05,
565.69,0.16,0.08,0.10,0.01,0.13,0.05,0.05,-0.02,0.01,0.03,-0.05,0.03,
566.10,0.15,0.09,0.03,0.00,0.11,0.03,0.02,-0.07,0.01,0.05,-0.07,0.00,
566.52,0.10,0.09,-0.01,-0.05,0.08,-0.02,-0.02,-0.11,0.01,0.02,-0.10,0.04,
566.94,0.10,0.07,0.02,-0.06,0.06,-0.05,-0.03,-0.08,0.01,0.05,-0.07,0.04,
567.35,0.11,0.02,0.05,-0.05,0.03,-0.05,-0.07,-0.05,0.05,0.10,-0.02,0.06,
567.77,0.15,0.03,0.05,-0.07,0.03,-0.07,-0.05,0.00,0.05,0.06,0.06,0.04,
568.19,0.14,0.06,0.03,-0.05,0.02,-0.10,-0.05,0.05,0.04,0.03,0.06,0.06,
568.60,0.11,0.10,0.04,0.02,0.03,-0.06,-0.08,0.04,0.04,0.06,0.04,0.11,
569.02,0.14,0.11,0.06,0.04,0.10,-0.04,-0.10,0.01,-0.03,0.06,0.08,0.04,
569.44,0.13,0.06,0.07,0.03,0.11,-0.07,-0.11,0.03,-0.06,0.01,0.14,-0.01,
569.85,0.04,0.10,0.08,0.04,0.11,-0.09,-0.09,0.02,-0.06,-0.02,0.13,0.03,
570.27,0.05,0.07,0.08,0.01,0.11,-0.06,-0.02,0.09,-0.05,-0.06,0.13,0.00,
570.69,0.13,0.01,0.07,-0.07,0.13,-0.05,0.03,0.09,-0.04,-0.06,0.09,-0.01,
571.10,0.16,0.05,0.11,-0.06,0.12,-0.07,0.07,0.07,-0.10,-0.04,0.01,-0.06,
571.52,0.14,0.10,0.07,-0.04,0.07,-0.08,0.03,0.07,-0.07,-0.02,-0.01,-0.07,
571.93,0.13,0.09,0.05,-0.08,0.03,-0.11,-0.03,0.06,-0.03,-0.05,-0.01,-0.06,
572.35,0.14,0.07,0.09,-0.10,0.01,-0.16,-0.04,0.06,-0.07,-0.02,-0.04,-0.07,
572.77,0.13,0.03,0.10,-0.05,0.03,-0.18,-0.09,0.10,-0.06,0.03,0.04,-0.08,
573.18,0.15,0.01,0.11,-0.07,0.03,-0.16,-0.07,0.13,-0.02,-0.02,0.08,-0.08,
573.60,0.19,0.04,0.08,-0.08,0.01,-0.15,-0.04,0.17,-0.06,-0.01,0.05,-0.10,
574.02,0.20,0.06,0.08,-0.04,0.01,-0.10,-0.01,0.15,-0.03,0.03,-0.02,-0.06,
574.43,0.23,0.06,0.13,-0.01,0.04,-0.07,0.00,0.09,-0.03,-0.02,-0.01,-0.12,
574.85,0.22,0.03,0.09,-0.05,0.00,-0.09,-0.05,0.06,-0.02,-0.01,0.02,-0.15,
575.27,0.13,0.08,0.09,-0.03,-0.04,-0.10,-0.01,0.01,0.01,-0.03,-0.04,-0.11,
575.68,0.13,0.07,0.11,-0.06,-0.05,-0.06,0.03,0.02,0.03,-0.02,-0.05,-0.13,
576.10,0.17,-0.04,0.10,-0.12,-0.03,-0.02,0.02,0.01,0.07,-0.01,-0.06,-0.10,
576.52,0.22,0.00,0.10,-0.11,-0.04,-0.07,0.07,0.00,0.07,0.01,-0.10,-0.11,
576.93,0.20,0.06,0.11,-0.04,-0.08,-0.05,0.09,0.05,0.06,0.04,-0.13,-0.11,
577.35,0.16,0.05,0.09,-0.05,-0.06,-0.02,0.00,-0.01,0.11,0.03,-0.08,-0.08,
577.76,0.19,0.02,0.10,-0.04,-0.04,-0.03,-0.03,-0.03,0.02,0.04,-0.10,-0.07,
578.18,0.17,-0.01,0.11,0.01,-0.07,-0.03,-0.04,0.03,0.00,0.09,-0.07,-0.03,
578.60,0.14,0.00,0.10,0.03,-0.05,0.02,0.00,0.07,0.06,-0.01,0.04,0.01,
579.01,0.21,0.01,0.08,0.02,-0.10,0.00,0.04,0.09,0.06,-0.04,0.01,0.03,
579.43,0.24,0.01,0.08,0.02,-0.09,0.02,0.03,0.11,0.02,-0.03,-0.07,0.06,
579.85,0.24,0.04,0.14,0.06,-0.01,0.09,0.08,0.09,-0.01,-0.06,-0.09,0.05,
580.26,0.23,0.05,0.05,0.07,0.00,0.08,0.00,0.02,-0.03,-0.05,-0.09,0.02,
580.68,0.18,0.09,0.05,0.03,-0.02,0.06,-0.01,-0.02,-0.05,-0.04,-0.14,0.03,
581.09,0.15,0.08,0.07,0.01,0.00,0.08,0.04,0.02,-0.06,-0.02,-0.15,0.10,
581.51,0.19,0.00,0.07,-0.01,0.00,0.10,0.00,0.05,-0.02,0.06,-0.10,0.11,
581.93,0.23,0.01,0.04,-0.02,0.02,0.05,0.01,0.08,-0.04,0.05,-0.05,0.07,
582.34,0.23,0.06,0.04,0.02,-0.05,0.06,0.01,0.13,-0.01,0.08,-0.09,0.06,
582.76,0.20,0.07,0.01,0.06,-0.06,0.08,-0.08,0.08,0.02,0.09,-0.07,0.09,
583.17,0.25,0.03,-0.01,0.07,-0.03,0.06,-0.15,0.06,0.00,0.10,0.00,0.06,
583.59,0.23,0.01,0.00,0.10,-0.04,0.01,-0.10,0.10,-0.02,0.09,-0.02,0.09,
584.01,0.15,0.04,0.03,0.09,-0.04,0.00,-0.07,0.11,0.04,0.05,0.02,0.08,
584.42,0.18,0.04,0.00,0.04,-0.02,0.02,-0.03,0.13,0.06,0.02,0.05,0.08,
584.84,0.23,0.05,0.06,-0.02,0.03,0.04,-0.03,0.10,0.02,0.06,-0.03,0.07,
585.25,0.18,0.09,0.13,0.03,0.08,0.09,0.04,0.06,0.02,0.06,-0.05,0.05,
585.67,0.12,0.13,0.09,0.05,0.10,0.12,0.02,0.02,0.03,0.08,-0.03,0.01,
586.09,0.04,0.11,0.08,-0.02,0.06,0.06,-0.02,-0.05,0.08,0.05,-0.05,0.01,
586.50,0.03,0.12,0.12,-0.06,0.05,0.02,0.00,-0.01,0.04,0.07,-0.05,0.04,
586.92,0.04,0.03,0.09,-0.04,0.04,-0.01,-0.03,0.02,0.06,0.13,-0.01,0.07,
587.33,0.06,0.01,0.09,-0.06,0.04,-0.02,-0.01,0.07,0.05,0.06,0.05,-0.01,
587.75,0.06,0.05,0.06,-0.08,0.02,-0.04,-0.01,0.14,0.05,0.00,0.02,0.02,
588.17,0.05,0.09,0.08,0.03,0.00,-0.02,-0.03,0.09,0.06,0.05,-0.03,0.10,
588.58,0.09,0.08,0.15,0.06,0.07,0.00,-0.02,0.04,0.01,0.05,0.00,0.02,
589.00,0.08,0.09,0.14,0.05,0.08,-0.02,-0.01,0.02,-0.05,0.03,0.03,0.04,
589.41,-0.02,0.20,0.18,0.06,0.09,-0.03,-0.01,-0.03,-0.06,0.03,-0.03,0.06,
589.83,-0.03,0.19,0.21,0.03,0.08,0.02,0.02,0.00,-0.02,0.01,0.02,0.04,
590.25,0.03,0.12,0.19,-0.07,0.11,0.01,0.01,-0.02,0.01,0.03,-0.01,0.04,
590.66,0.05,0.14,0.25,-0.03,0.14,-0.02,0.04,-0.06,-0.04,0.07,-0.06,0.02,
591.08,0.02,0.15,0.16,0.01,0.07,-0.03,0.05,-0.06,-0.02,0.10,-0.09,0.01,
591.49,-0.01,0.13,0.11,-0.04,0.04,-0.06,0.01,-0.08,0.04,0.09,-0.10,0.03,
591.91,0.05,0.11,0.12,-0.06,0.00,-0.10,-0.01,-0.11,-0.02,0.10,-0.08,0.05,
592.32,0.08,0.08,0.14,-0.01,-0.02,-0.13,-0.05,-0.02,-0.01,0.17,-0.03,0.09,
592.74,0.10,0.10,0.18,-0.01,-0.02,-0.08,-0.03,0.03,0.06,0.08,0.04,0.06,
593.16,0.15,0.12,0.18,0.00,-0.06,-0.08,0.02,0.08,0.08,0.08,0.05,0.06,
593.57,0.18,0.15,0.18,0.04,-0.05,-0.07,0.06,0.03,0.08,0.14,-0.04,0.11,
593.99,0.20,0.14,0.26,0.08,0.03,-0.05,0.12,0.02,0.07,0.15,-0.04,0.04,
594.40,0.19,0.14,0.19,0.00,0.05,-0.05,0.09,-0.01,0.04,0.10,-0.03,0.04,
594.82,0.12,0.18,0.15,-0.01,0.01,-0.08,0.10,-0.03,0.05,0.12,-0.10,0.08,
595.23,0.10,0.16,0.17,-0.05,0.03,-0.06,0.14,0.01,0.09,0.14,-0.07,0.09,
595.65,0.15,0.02,0.15,-0.13,0.04,-0.06,0.13,0.04,0.13,0.14,-0.03,0.09,
596.07,0.24,0.01,0.09,-0.14,0.06,-0.06,0.18,0.02,0.04,0.14,-0.08,0.10,
596.48,0.21,0.07,0.07,-0.06,0.02,-0.03,0.20,0.06,0.04,0.17,-0.10,0.09,
596.90,0.18,0.09,0.01,-0.04,0.01,-0.04,0.16,0.04,0.09,0.13,-0.10,0.16,
597.31,0.24,0.06,0.04,-0.02,0.03,-0.03,0.08,0.06,0.01,0.10,-0.06,0.13,
597.73,0.25,0.04,0.06,0.03,0.01,-0.07,0.05,0.07,-0.01,0.14,-0.02,0.16,
598.14,0.19,0.05,0.12,0.04,0.05,-0.07,0.08,0.12,0.06,0.05,0.02,0.17,
598.56,0.21,0.02,0.05,0.04,0.05,-0.04,0.10,0.14,0.05,-0.01,0.03,0.16,
598.97,0.21,0.02,0.06,0.03,0.04,-0.02,0.11,0.11,0.02,0.05,-0.05,0.19,
599.39,0.18,0.06,0.11,0.07,0.16,0.07,0.13,0.05,0.00,0.04,-0.06,0.13,
599.81,0.14,0.06,0.05,0.08,0.17,0.06,0.05,0.01,-0.01,0.06,-0.04,0.09,
600.22,0.07,0.07,0.01,0.07,0.12,0.09,0.01,-0.08,-0.03,0.05,-0.05,0.10,
600.64,0.02,0.07,0.04,0.07,0.08,0.12,0.01,-0.04,-0.03,0.03,-0.04,0.07,
601.05,0.04,0.00,0.02,0.06,0.09,0.14,-0.02,0.00,0.00,0.04,0.02,0.09,
601.47,0.08,-0.01,0.03,0.02,0.07,0.09,0.04,0.00,-0.04,-0.02,0.06,0.03,
601.88,0.10,0.06,0.00,0.07,-0.01,0.11,0.04,0.05,-0.04,-0.02,0.00,0.01,
602.30,0.04,0.11,0.00,0.09,-0.03,0.09,-0.04,0.02,0.04,0.00,0.00,0.07,
602.71,0.11,0.07,-0.01,0.09,-0.03,0.07,-0.05,-0.02,0.01,0.01,0.01,0.04,
603.13,0.09,0.03,0.02,0.10,-0.04,0.07,-0.07,-0.01,-0.04,0.05,0.07,-0.01,
603.54,-0.01,0.12,0.03,0.09,-0.04,0.06,-0.04,0.02,0.01,0.03,0.10,0.00,
603.96,0.02,0.10,0.00,0.03,-0.02,0.07,-0.02,0.07,0.06,0.00,0.12,-0.01,
604.37,0.08,0.08,-0.03,-0.02,0.00,0.12,-0.01,0.07,0.07,0.04,0.09,-0.03,
604.79,0.04,0.15,0.04,-0.01,0.05,0.16,0.07,0.01,0.04,0.08,0.05,-0.07,
605.21,0.02,0.17,-0.03,0.00,0.04,0.15,0.02,-0.04,0.08,0.07,0.07,-0.08,
605.62,0.00,0.16,-0.05,-0.06,0.00,0.09,-0.01,-0.09,0.12,0.03,0.02,-0.02,
606.04,0.00,0.12,-0.02,-0.10,-0.01,0.10,0.00,-0.07,0.07,0.04,0.05,0.00,
606.45,0.02,0.08,-0.03,-0.06,-0.02,0.04,-0.04,0.00,0.10,0.09,0.09,0.01,
606.87,0.11,0.01,0.01,-0.08,0.00,-0.02,-0.01,0.00,0.16,0.06,0.13,0.00,
607.28,0.15,0.05,-0.01,-0.08,-0.02,-0.01,0.01,0.06,0.17,0.07,0.11,0.01,
607.70,0.16,0.08,0.00,-0.02,-0.04,0.01,-0.07,0.07,0.21,0.08,0.05,0.08,
608.11,0.18,0.07,0.08,0.02,0.03,0.00,-0.09,0.04,0.18,0.07,0.07,0.03,
608.53,0.16,0.05,0.06,-0.01,0.05,0.00,-0.10,0.05,0.11,0.07,0.10,0.01,
608.94,0.06,0.10,0.11,0.00,0.06,-0.01,-0.11,0.03,0.12,0.02,0.14,0.04,
609.36,0.12,0.10,0.12,-0.05,0.04,0.04,-0.07,0.07,0.18,-0.04,0.14,0.04,
609.77,0.14,0.00,0.13,-0.10,0.06,0.05,-0.04,0.04,0.21,-0.03,0.10,0.04,
610.19,0.16,0.02,0.15,-0.07,0.06,0.05,0.00,-0.02,0.13,-0.03,0.06,0.01,
610.60,0.15,0.03,0.10,-0.04,0.01,0.07,-0.02,-0.04,0.08,0.01,0.02,0.01,
611.02,0.16,-0.02,0.07,-0.05,-0.01,0.01,-0.08,-0.05,0.10,-0.04,0.02,0.05,
611.43,0.17,-0.03,0.13,-0.07,-0.01,-0.03,-0.08,-0.03,-0.01,-0.01,0.03,0.03,
611.85,0.18,-0.07,0.12,-0.03,-0.04,-0.05,-0.11,0.06,-0.05,0.06,0.07,0.03,
612.26,0.19,-0.07,0.13,-0.05,-0.07,-0.05,-0.06,0.08,0.00,-0.03,0.10,0.02,
612.68,0.24,-0.04,0.12,-0.04,-0.08,-0.04,-0.03,0.12,0.02,-0.05,0.07,0.06,
613.09,0.25,0.01,0.10,-0.03,-0.09,0.02,-0.02,0.10,-0.02,0.01,-0.01,0.12,
613.51,0.26,0.03,0.18,-0.02,-0.01,0.09,-0.01,0.04,-0.04,0.00,0.00,0.05,
613.92,0.22,0.01,0.16,-0.03,0.00,0.07,-0.03,-0.01,-0.07,0.00,0.02,0.03,
614.34,0.13,0.06,0.14,-0.08,-0.04,0.07,-0.01,-0.05,-0.04,0.02,0.05,0.05,
614.75,0.14,0.05,0.13,-0.06,-0.06,0.10,0.05,-0.01,-0.01,-0.02,0.04,0.02,
615.17,0.20,-0.05,0.11,-0.14,-0.02,0.11,0.07,0.00,0.01,0.00,0.01,-0.02,
615.58,0.20,-0.05,0.07,-0.12,0.01,0.07,0.10,-0.01,-0.04,0.03,-0.01,-0.04,
616.00,0.18,0.01,0.03,-0.06,-0.04,0.08,0.11,0.01,-0.08,0.08,-0.03,-0.05,
616.41,0.17,0.01,0.01,-0.04,-0.02,0.08,0.10,0.00,0.01,0.07,-0.08,-0.02,
616.83,0.20,0.01,0.04,-0.03,-0.02,0.05,0.08,0.02,-0.05,0.06,-0.05,-0.03,
617.24,0.18,0.01,0.03,0.00,-0.03,0.01,0.04,0.08,-0.06,0.12,-0.01,-0.04,
617.66,0.16,0.05,0.02,0.02,-0.03,0.02,0.08,0.13,-0.01,0.06,0.04,-0.03,
618.07,0.20,0.01,0.01,0.01,-0.02,0.01,0.09,0.17,0.02,0.00,0.05,-0.01,
618.49,0.20,0.02,0.03,0.00,-0.01,0.03,0.06,0.17,0.00,0.02,-0.02,0.00,
618.90,0.19,0.04,0.05,0.01,0.07,0.08,0.09,0.13,-0.02,0.03,-0.01,-0.06,
619.32,0.15,0.04,0.06,0.03,0.09,0.05,0.03,0.08,-0.03,0.02,0.01,-0.09,
619.73,0.08,0.03,0.00,0.02,0.04,-0.03,0.03,0.05,-0.06,0.01,-0.01,-0.02,
620.15,0.07,0.02,-0.01,0.03,0.04,0.00,0.04,0.08,-0.09,0.03,0.01,-0.01,
620.56,0.13,-0.07,-0.03,0.06,0.06,-0.03,0.05,0.07,-0.07,0.08,-0.03,0.00,
620.98,0.17,-0.09,0.00,0.03,0.09,-0.07,0.07,0.08,-0.07,0.04,0.00,-0.02,
621.39,0.14,-0.05,-0.03,0.11,-0.02,-0.04,0.08,0.13,-0.08,0.10,-0.05,0.01,
621.80,0.12,-0.02,-0.03,0.14,-0.05,-0.02,0.01,0.08,-0.01,0.10,-0.10,0.08,
622.22,0.20,-0.04,0.02,0.14,0.00,-0.07,-0.02,0.07,-0.09,0.07,-0.08,0.08,
622.63,0.18,-0.04,0.01,0.12,-0.07,-0.06,-0.10,0.09,-0.15,0.11,-0.04,0.08,
623.05,0.09,0.02,0.02,0.11,-0.06,-0.05,-0.12,0.09,-0.08,0.08,0.00,0.13,
623.46,0.14,0.02,0.04,0.06,-0.06,0.00,-0.09,0.06,-0.05,0.05,0.00,0.14,
623.88,0.17,0.00,0.05,0.01,-0.02,0.02,-0.07,0.01,-0.03,0.07,-0.07,0.15,
624.29,0.13,0.05,0.09,0.02,0.01,0.10,-0.02,-0.07,-0.10,0.11,-0.09,0.09,
624.71,0.10,0.07,0.04,0.04,0.05,0.09,-0.03,-0.13,-0.10,0.14,-0.08,0.05,
625.12,0.07,0.05,0.07,-0.01,0.03,0.03,-0.06,-0.17,-0.08,0.10,-0.10,0.08,
625.54,0.09,0.03,0.04,-0.04,0.00,0.03,-0.02,-0.11,-0.15,0.11,-0.09,0.05,
625.95,0.08,0.00,0.07,-0.01,-0.02,0.02,-0.07,-0.08,-0.11,0.14,-0.05,0.03,
626.37,0.11,0.01,0.05,-0.02,-0.03,-0.04,-0.03,-0.04,-0.06,0.07,-0.01,0.00,
626.78,0.11,0.05,0.04,-0.04,-0.10,-0.03,-0.04,0.02,-0.09,0.03,-0.02,0.01,
627.19,0.10,0.09,0.01,-0.02,-0.13,0.03,-0.09,-0.02,-0.04,0.09,-0.04,0.09,
627.61,0.17,0.12,0.11,-0.03,-0.03,0.01,-0.15,-0.07,-0.06,0.06,-0.01,0.05,
628.02,0.13,0.10,0.11,-0.06,0.00,0.01,-0.15,-0.06,-0.11,0.03,0.03,0.02,
628.44,0.01,0.15,0.08,-0.05,-0.02,0.02,-0.16,-0.13,-0.07,0.01,0.05,0.01,
628.85,0.04,0.14,0.08,-0.08,0.01,0.04,-0.10,-0.08,-0.06,-0.04,0.06,0.00,
629.27,0.08,0.05,0.09,-0.13,0.04,0.06,-0.03,-0.08,-0.07,-0.07,0.00,-0.05,
629.68,0.07,0.05,0.10,-0.12,0.05,0.11,0.05,-0.08,-0.12,-0.06,-0.03,-0.11,
630.10,0.05,0.07,0.07,-0.10,-0.01,0.11,0.00,-0.11,-0.11,-0.03,-0.06,-0.11,
630.51,0.06,0.05,0.04,-0.09,-0.01,0.05,-0.04,-0.11,-0.02,-0.05,-0.09,-0.09,
630.92,0.09,0.02,0.07,-0.08,-0.06,0.02,-0.05,-0.07,-0.09,-0.05,-0.08,-0.08,
631.34,0.10,0.00,0.05,-0.03,-0.11,0.03,-0.10,-0.02,-0.11,0.02,-0.07,-0.09,
631.75,0.10,0.05,0.07,-0.03,-0.09,0.03,-0.09,0.00,-0.05,-0.04,-0.02,-0.08,
632.17,0.16,0.07,0.05,-0.06,-0.08,0.04,-0.03,0.05,-0.05,-0.06,-0.06,-0.03,
632.58,0.17,0.07,0.08,-0.07,-0.07,0.07,-0.06,0.03,-0.06,-0.01,-0.12,0.01,
633.00,0.19,0.09,0.16,-0.04,0.02,0.11,-0.07,0.01,-0.05,0.01,-0.15,-0.04,
633.41,0.18,0.07,0.19,-0.03,0.08,0.05,-0.10,-0.02,-0.11,-0.02,-0.14,-0.06,
633.82,0.10,0.06,0.14,-0.04,0.07,0.02,-0.07,-0.02,-0.12,-0.06,-0.14,-0.07,
634.24,0.11,0.06,0.15,-0.05,0.05,0.04,-0.01,0.01,-0.08,-0.03,-0.14,-0.08,
634.65,0.20,-0.05,0.18,-0.08,0.06,0.05,0.04,0.04,-0.05,0.00,-0.17,-0.03,
635.07,0.25,-0.06,0.17,-0.07,0.07,0.02,0.10,0.04,-0.04,0.03,-0.17,-0.03,
635.48,0.25,-0.01,0.11,-0.03,-0.01,0.01,0.08,0.04,-0.03,0.06,-0.18,-0.03,
635.90,0.24,-0.01,0.10,0.00,0.00,-0.05,-0.01,0.00,0.03,0.05,-0.20,0.05,
636.31,0.27,-0.04,0.12,0.02,0.01,-0.07,-0.03,0.02,-0.05,0.04,-0.14,0.05,
636.72,0.23,-0.04,0.10,0.03,-0.01,-0.06,-0.08,0.07,-0.09,0.07,-0.06,0.07,
637.14,0.20,0.03,0.10,0.05,0.03,-0.03,-0.06,0.07,-0.03,0.02,-0.02,0.12,
637.55,0.21,0.04,0.06,0.02,0.05,-0.02,-0.03,0.09,0.01,-0.02,-0.02,0.14,
637.97,0.24,0.01,0.05,0.00,0.05,0.00,-0.01,0.09,-0.02,-0.01,-0.05,0.15,
638.38,0.23,0.02,0.08,0.01,0.13,0.05,-0.07,0.02,-0.06,0.01,-0.08,0.10,
638.80,0.22,0.01,0.09,0.06,0.13,0.08,-0.06,-0.01,-0.10,0.02,-0.08,0.08,
639.21,0.16,0.01,0.07,0.03,0.11,0.07,-0.05,-0.07,-0.07,-0.01,-0.07,0.11,
639.62,0.14,0.00,0.06,-0.01,0.09,0.10,0.02,-0.04,-0.07,-0.01,-0.05,0.10,
640.04,0.17,-0.05,0.06,0.00,0.07,0.11,0.04,-0.03,-0.03,0.02,-0.03,0.11,
640.45,0.23,-0.06,0.05,-0.04,0.07,0.07,0.08,-0.02,-0.03,-0.05,0.01,0.09,
640.87,0.20,-0.02,0.01,-0.03,0.05,0.11,0.08,0.04,-0.03,-0.04,-0.01,0.06,
641.28,0.15,0.01,0.00,0.03,0.04,0.12,0.00,-0.02,-0.05,-0.01,-0.04,0.13,
641.69,0.19,0.01,0.08,0.04,0.14,0.10,-0.04,-0.02,-0.05,0.01,-0.01,0.12,
642.11,0.19,-0.02,0.06,0.03,0.11,0.09,-0.02,0.03,-0.09,0.02,0.04,0.09,
642.52,0.11,0.05,0.07,0.03,0.12,0.10,0.01,0.00,-0.08,0.00,0.05,0.07,
642.94,0.20,0.06,0.08,0.00,0.10,0.08,0.03,0.03,-0.04,-0.02,0.02,0.06,
643.35,0.26,0.02,0.10,-0.07,0.12,0.09,0.05,0.02,-0.05,0.00,-0.03,0.02,
643.76,0.26,0.02,0.15,-0.04,0.13,0.08,0.11,0.00,-0.08,0.02,-0.03,-0.03,
644.18,0.23,0.01,0.12,-0.01,0.12,0.08,0.06,-0.03,-0.06,0.04,-0.03,-0.05,
644.59,0.19,0.01,0.11,-0.02,0.07,0.07,0.07,-0.01,0.02,0.02,-0.04,-0.05,
645.01,0.16,0.00,0.10,-0.04,0.07,0.05,0.08,0.02,-0.02,0.02,-0.02,-0.07,
645.42,0.18,-0.03,0.05,0.00,0.04,0.04,0.05,0.05,-0.02,0.06,0.03,-0.09,
645.83,0.21,-0.02,0.06,-0.01,0.05,0.02,0.06,0.07,-0.01,0.04,0.04,-0.10,
646.25,0.21,0.01,0.02,0.02,0.02,0.01,0.04,0.09,-0.03,0.05,0.01,-0.08,
646.66,0.17,0.05,0.03,0.05,0.00,0.02,-0.02,0.03,-0.06,0.11,-0.03,-0.02,
647.07,0.21,0.07,0.10,0.08,0.06,0.00,-0.03,0.02,-0.08,0.10,-0.02,-0.05,
647.49,0.19,0.06,0.11,0.05,0.07,-0.02,-0.05,0.02,-0.09,0.08,0.02,-0.06,
647.90,0.14,0.08,0.08,0.02,0.02,-0.02,-0.04,-0.02,-0.09,0.07,0.03,-0.05,
648.32,0.16,0.11,0.11,0.00,0.01,-0.02,-0.05,0.00,-0.05,0.05,0.04,-0.04,
648.73,0.22,0.03,0.09,-0.04,0.02,0.00,-0.02,0.03,-0.03,0.04,-0.02,-0.03,
649.14,0.18,0.03,0.10,-0.02,0.04,0.00,0.02,-0.04,-0.04,0.07,-0.01,-0.05,
649.56,0.16,0.02,0.07,0.01,-0.01,0.02,-0.01,-0.05,-0.03,0.09,0.00,-0.06,
649.97,0.13,0.04,0.02,0.03,0.01,0.01,-0.06,-0.08,0.02,0.05,-0.02,-0.01,
650.38,0.13,0.02,0.04,0.02,0.01,-0.01,-0.07,-0.07,-0.05,0.06,0.01,-0.01,
650.80,0.13,0.04,0.04,0.06,-0.01,-0.01,-0.06,-0.04,-0.07,0.08,0.04,-0.01,
651.21,0.17,0.07,0.04,0.08,-0.04,-0.03,-0.08,-0.03,-0.04,0.02,0.07,-0.01,
651.63,0.18,0.07,0.01,0.05,-0.03,-0.02,-0.05,-0.01,-0.07,0.00,0.03,0.01,
652.04,0.18,0.07,0.02,0.07,-0.05,0.00,-0.07,-0.02,-0.06,0.01,-0.01,0.00,
652.45,0.20,0.09,0.08,0.08,0.01,0.02,-0.09,-0.05,-0.07,0.01,0.00,-0.05,
652.87,0.20,0.08,0.06,0.07,0.05,0.02,-0.11,-0.05,-0.07,-0.03,0.02,-0.05,
653.28,0.13,0.07,0.03,0.04,0.03,0.01,-0.11,-0.12,-0.02,-0.04,0.05,-0.05,
653.69,0.12,0.07,0.04,0.02,-0.03,0.02,-0.08,-0.09,-0.01,-0.06,0.05,-0.06,
654.11,0.15,0.01,0.03,0.04,-0.02,0.02,-0.07,-0.07,0.01,-0.07,0.04,-0.05,
654.52,0.18,-0.01,0.01,0.02,0.01,0.03,-0.02,-0.08,0.00,-0.09,0.04,-0.06,
654.93,0.17,0.01,-0.02,0.06,-0.04,0.03,-0.05,-0.09,0.00,-0.09,0.04,-0.07,
655.35,0.15,0.00,-0.05,0.07,-0.03,0.02,-0.10,-0.06,0.02,-0.10,-0.02,-0.01,
655.76,0.15,0.00,-0.03,0.08,0.02,-0.02,-0.11,-0.07,-0.02,-0.11,-0.02,-0.01,
656.17,0.16,0.00,-0.04,0.07,-0.01,-0.02,-0.13,-0.04,-0.07,-0.06,0.05,0.01,
656.59,0.14,0.06,-0.03,0.08,0.00,0.00,-0.12,0.00,-0.02,-0.10,0.07,0.04,
657.00,0.18,0.04,-0.03,0.04,0.01,0.00,-0.09,0.00,-0.03,-0.14,0.07,0.08,
657.42,0.18,0.03,0.00,-0.03,0.03,0.03,-0.07,-0.02,0.00,-0.10,-0.02,0.09,
657.83,0.21,0.06,0.05,-0.03,0.06,0.03,-0.07,-0.06,-0.02,-0.09,-0.03,0.06,
658.24,0.20,0.08,0.01,-0.03,0.10,0.01,-0.13,-0.08,-0.02,-0.08,-0.02,0.09,
658.66,0.16,0.05,0.01,-0.09,0.09,-0.01,-0.12,-0.07,0.04,-0.10,0.01,0.10,
659.07,0.15,0.04,0.01,-0.10,0.05,0.01,-0.10,-0.05,0.03,-0.09,0.02,0.10,
659.48,0.19,0.01,0.02,-0.06,0.02,0.03,-0.10,0.02,0.02,-0.08,0.03,0.12,
659.90,0.25,0.01,0.01,-0.08,0.06,0.02,-0.05,0.02,0.06,-0.13,0.03,0.10,
660.31,0.25,0.05,0.02,-0.09,0.02,0.03,-0.04,0.03,0.03,-0.07,-0.03,0.08,
660.72,0.21,0.08,0.02,-0.04,0.02,0.05,-0.09,0.01,0.00,-0.03,-0.06,0.15,
661.14,0.24,0.10,0.04,-0.05,0.10,0.03,-0.10,0.02,-0.04,-0.04,-0.04,0.14,
661.55,0.22,0.11,0.05,-0.06,0.09,0.05,-0.10,0.04,-0.08,-0.04,0.01,0.09,
661.96,0.18,0.15,0.07,-0.06,0.06,0.06,-0.03,0.08,-0.07,-0.03,0.01,0.11,
662.38,0.22,0.12,0.08,-0.08,0.07,0.08,-0.02,0.11,-0.03,-0.07,0.00,0.10,
662.79,0.27,0.06,0.10,-0.17,0.07,0.07,0.01,0.10,-0.02,-0.08,-0.09,0.07,
663.20,0.27,0.08,0.09,-0.14,0.10,0.12,0.05,0.05,-0.06,-0.01,-0.09,0.02,
663.62,0.25,0.08,0.02,-0.08,0.09,0.10,0.00,0.04,-0.03,0.02,-0.05,0.04,
664.03,0.22,0.07,0.01,-0.08,0.08,0.09,-0.02,0.05,0.03,-0.01,-0.02,0.05,
664.44,0.19,0.04,0.01,-0.08,0.05,0.11,0.03,0.06,-0.05,-0.03,0.00,0.04,
664.85,0.22,0.02,0.01,-0.04,0.03,0.10,0.02,0.08,-0.08,0.02,0.00,0.06,
665.27,0.25,0.01,0.04,-0.04,0.00,0.09,0.07,0.12,-0.07,-0.05,0.03,0.03,
665.68,0.28,0.01,0.02,-0.08,0.00,0.10,0.09,0.19,-0.09,-0.02,0.00,0.04,
666.09,0.27,0.04,0.03,-0.05,0.01,0.10,0.03,0.16,-0.11,0.04,-0.06,0.09,
666.51,0.31,0.03,0.10,-0.03,0.08,0.07,0.00,0.16,-0.14,0.03,-0.06,0.06,
666.92,0.29,0.00,0.08,-0.02,0.10,0.04,0.00,0.16,-0.13,0.02,-0.02,0.02,
667.33,0.22,0.04,0.11,-0.04,0.06,0.02,0.03,0.12,-0.10,0.04,-0.01,0.02,
667.75,0.28,0.03,0.11,-0.06,0.03,0.02,0.04,0.13,-0.07,0.02,-0.02,0.03,
668.16,0.32,-0.04,0.12,-0.10,0.05,0.04,0.04,0.13,-0.03,0.02,-0.03,0.02,
668.57,0.31,0.00,0.10,-0.10,0.04,0.04,0.09,0.10,-0.05,0.03,-0.04,-0.01,
668.99,0.29,0.02,0.07,-0.07,0.04,0.05,0.04,0.04,-0.06,0.08,-0.05,-0.02,
669.40,0.26,0.01,0.05,-0.04,0.02,0.01,0.03,0.02,0.00,0.04,-0.09,-0.01,
669.81,0.23,-0.03,0.06,-0.05,0.04,0.02,0.03,0.01,-0.08,0.05,-0.07,-0.02,
670.23,0.23,-0.05,0.07,-0.01,0.00,0.02,0.02,0.04,-0.09,0.09,-0.06,-0.01,
670.64,0.22,-0.01,0.09,-0.01,-0.01,0.01,0.03,0.06,-0.03,0.07,-0.05,-0.02,
671.05,0.23,0.00,0.06,-0.02,-0.02,0.02,0.05,0.08,-0.01,0.04,-0.06,-0.01,
671.46,0.22,0.02,0.06,-0.06,0.01,0.02,0.00,0.05,-0.01,0.10,-0.10,0.03,
671.88,0.22,0.04,0.10,-0.02,0.04,0.03,-0.03,0.01,-0.01,0.09,-0.11,-0.01,
672.29,0.20,0.02,0.08,-0.01,0.07,0.02,-0.04,0.00,0.00,0.10,-0.07,-0.02,
672.70,0.15,0.05,0.06,-0.02,0.03,0.03,-0.02,-0.05,0.03,0.09,-0.03,-0.04,
673.12,0.14,0.07,0.07,-0.04,0.01,0.05,-0.01,-0.01,0.01,0.11,-0.04,-0.04,
673.53,0.19,0.01,0.05,-0.01,0.02,0.08,0.00,0.01,0.03,0.10,-0.05,-0.04,
673.94,0.19,-0.01,0.06,-0.04,0.05,0.07,0.04,0.01,0.01,0.09,-0.02,-0.06,
674.35,0.16,0.03,0.03,-0.01,-0.02,0.08,0.01,0.03,-0.02,0.12,-0.04,-0.06,
674.77,0.14,0.02,0.04,0.02,-0.02,0.07,0.00,0.02,-0.01,0.12,-0.06,-0.03,
675.18,0.15,0.02,0.05,0.03,0.01,0.05,0.00,0.04,-0.04,0.09,-0.03,-0.01,
675.59,0.13,0.02,0.07,0.02,-0.02,0.04,-0.02,0.08,-0.05,0.12,0.00,0.00,
676.01,0.13,0.08,0.07,0.03,-0.03,0.04,-0.01,0.11,-0.02,0.11,0.00,0.01,
676.42,0.16,0.08,0.04,0.01,-0.01,0.02,0.02,0.14,-0.01,0.07,0.01,0.02,
676.83,0.16,0.07,0.04,-0.03,0.01,0.02,0.01,0.12,-0.01,0.08,-0.03,0.04,
677.24,0.18,0.08,0.08,-0.01,0.03,0.02,-0.01,0.09,-0.04,0.10,-0.04,-0.01,
677.66,0.17,0.08,0.05,0.03,0.03,0.00,-0.03,0.07,-0.05,0.09,-0.03,-0.01,
678.07,0.16,0.09,0.04,0.02,0.02,-0.03,-0.01,0.02,-0.01,0.05,0.01,0.00,
678.48,0.14,0.07,0.04,0.02,-0.02,-0.02,-0.01,0.04,-0.03,0.03,-0.02,0.01,
678.89,0.17,0.02,0.03,0.05,-0.03,-0.01,-0.01,0.08,-0.02,0.05,-0.02,0.02,
679.31,0.23,0.00,0.01,0.05,-0.01,-0.04,0.01,0.06,0.01,-0.02,0.02,0.01,
679.72,0.22,0.03,0.00,0.05,-0.06,-0.05,0.01,0.08,0.01,-0.01,0.00,0.02,
680.13,0.21,0.05,0.00,0.07,-0.06,-0.05,-0.03,0.04,0.03,0.01,-0.05,0.07,
680.55,0.21,0.05,0.06,0.07,0.03,-0.07,-0.05,0.00,0.04,-0.01,-0.05,0.05,
680.96,0.21,0.06,0.04,0.07,0.01,-0.06,-0.09,0.00,0.03,-0.01,-0.01,0.04,
681.37,0.17,0.09,0.06,0.10,-0.02,-0.03,-0.08,0.01,0.06,0.01,-0.01,0.03,
681.78,0.21,0.11,0.07,0.08,0.01,-0.03,-0.06,0.00,0.06,-0.02,-0.01,0.04,
682.20,0.23,0.07,0.09,0.01,-0.01,-0.01,-0.06,-0.01,0.08,-0.02,-0.02,0.03,
682.61,0.25,0.09,0.11,0.01,0.01,0.01,-0.03,-0.03,0.05,-0.01,-0.04,0.00,
683.02,0.25,0.09,0.08,0.03,0.01,0.01,-0.07,-0.06,0.04,0.01,-0.02,-0.03,
683.43,0.21,0.08,0.05,-0.01,0.03,0.00,-0.04,-0.06,0.08,0.00,-0.01,-0.01,
683.85,0.21,0.06,0.05,0.00,0.01,0.03,-0.02,-0.05,0.05,-0.01,0.00,-0.02,
684.26,0.24,0.02,0.02,0.02,-0.01,0.05,0.02,0.01,0.05,0.04,-0.02,-0.01,
684.67,0.26,0.04,0.03,0.03,-0.05,0.05,0.05,0.04,0.05,-0.02,0.02,-0.02,
685.08,0.26,0.05,0.02,-0.01,-0.05,0.05,0.05,0.05,0.02,-0.02,-0.02,0.02,
685.50,0.22,0.06,0.02,0.01,-0.06,0.07,0.01,0.02,0.02,0.03,-0.07,0.06,
685.91,0.23,0.07,0.07,0.00,0.01,0.05,-0.02,-0.02,-0.02,0.06,-0.07,0.02,
686.32,0.20,0.08,0.09,0.03,0.02,0.05,-0.06,0.00,-0.06,0.06,-0.03,0.00,
686.73,0.17,0.11,0.07,0.06,-0.02,0.07,-0.04,-0.02,-0.06,0.06,0.02,0.01,
687.15,0.17,0.11,0.10,0.02,-0.02,0.07,0.00,0.02,-0.03,0.04,0.02,0.02,
687.56,0.23,0.05,0.07,-0.02,0.00,0.07,0.02,0.01,-0.04,0.01,0.00,0.02,
687.97,0.24,0.05,0.06,-0.03,0.01,0.09,0.05,-0.03,-0.09,0.03,-0.01,-0.04,
688.38,0.25,0.04,0.01,0.03,-0.02,0.09,0.01,-0.03,-0.08,0.03,-0.03,-0.04,
688.79,0.19,0.05,-0.02,0.07,0.01,0.07,-0.01,-0.04,-0.03,0.03,-0.08,-0.01,
689.21,0.18,0.02,-0.01,0.08,-0.02,0.08,0.03,-0.04,-0.05,0.03,-0.06,0.03,
689.62,0.18,0.00,0.03,0.12,-0.07,0.08,0.03,-0.02,-0.09,0.05,-0.04,0.03,
690.03,0.20,0.03,0.03,0.13,-0.06,0.06,0.07,0.03,-0.06,-0.03,-0.03,0.03,
690.44,0.18,0.05,0.02,0.09,-0.05,0.05,0.07,0.04,-0.07,-0.03,-0.03,0.06,
690.86,0.17,0.08,0.03,0.06,-0.01,0.03,0.02,0.01,-0.08,0.04,-0.09,0.06,
691.27,0.21,0.09,0.09,0.08,0.05,0.04,-0.01,-0.03,-0.09,0.06,-0.09,0.01,
691.68,0.18,0.08,0.09,0.10,0.08,0.03,-0.03,-0.02,-0.09,0.05,-0.07,-0.01,
692.09,0.13,0.08,0.06,0.08,0.03,0.04,-0.01,-0.05,-0.06,0.04,-0.01,-0.01,
692.50,0.15,0.05,0.05,0.06,-0.02,0.05,0.04,-0.04,-0.10,0.03,-0.04,0.01,
692.92,0.19,-0.04,0.06,0.04,0.01,0.04,0.07,0.00,-0.08,0.01,-0.10,0.04,
693.33,0.21,-0.04,0.01,0.00,-0.01,0.04,0.13,-0.01,-0.09,0.04,-0.07,0.02,
693.74,0.21,-0.03,-0.01,0.03,-0.07,0.03,0.10,0.04,-0.09,0.07,-0.06,0.01,
694.15,0.17,-0.04,-0.02,0.10,-0.04,0.01,0.08,0.04,-0.03,0.08,-0.12,0.08,
694.57,0.12,-0.04,0.02,0.11,-0.01,0.00,0.11,0.04,-0.07,0.06,-0.07,0.06,
694.98,0.10,-0.06,0.04,0.09,-0.09,0.00,0.08,0.07,-0.13,0.11,0.01,0.06,
695.39,0.08,-0.01,0.07,0.14,-0.11,-0.02,0.14,0.11,-0.13,0.08,0.03,0.04,
695.80,0.12,0.02,0.06,0.11,-0.06,0.00,0.14,0.13,-0.10,0.04,0.01,0.06,
696.21,0.08,0.02,0.06,0.02,-0.03,0.01,0.08,0.14,-0.10,0.10,-0.04,0.06,
696.63,0.15,0.05,0.10,0.03,0.03,-0.01,0.05,0.13,-0.10,0.12,-0.06,0.01,
697.04,0.12,0.05,0.05,0.08,0.04,0.00,0.04,0.11,-0.14,0.15,-0.03,-0.01,
697.45,0.02,0.08,0.01,0.05,0.00,-0.02,0.05,0.08,-0.09,0.12,0.00,-0.01,
697.86,0.02,0.08,-0.02,0.02,-0.04,-0.01,0.09,0.09,-0.12,0.09,0.02,-0.01,
698.27,0.02,0.01,-0.02,0.08,-0.02,-0.04,0.16,0.13,-0.09,0.07,-0.01,0.01,
698.69,0.08,0.02,-0.03,0.04,0.03,-0.02,0.18,0.15,-0.03,0.00,0.07,-0.02,
699.10,0.09,0.06,-0.10,0.05,-0.05,-0.02,0.12,0.19,-0.01,0.06,0.05,-0.07,
699.51,0.06,0.08,-0.09,0.11,0.00,-0.01,0.05,0.10,0.00,0.03,-0.05,0.00,
699.92,0.03,0.10,0.02,0.13,0.13,-0.02,-0.01,0.06,-0.03,0.03,-0.03,0.02,
700.33,0.04,0.13,0.01,0.11,0.07,-0.04,-0.08,0.06,-0.09,0.04,0.05,0.02,
700.75,0.01,0.18,0.05,0.08,0.06,-0.02,-0.07,0.06,-0.09,0.02,0.05,0.00,
701.16,0.08,0.20,0.04,0.02,0.13,-0.04,-0.05,0.06,-0.04,-0.07,0.02,0.00,
701.57,0.14,0.16,0.06,-0.08,0.20,0.01,-0.14,0.04,-0.06,-0.04,-0.04,-0.01,
701.98,0.17,0.19,0.05,-0.08,0.22,0.04,-0.17,-0.06,-0.12,0.00,-0.05,-0.08,
702.39,0.19,0.17,0.00,0.01,0.22,0.05,-0.22,-0.12,-0.08,0.02,-0.02,-0.11,
702.80,0.13,0.16,-0.02,0.04,0.18,0.06,-0.24,-0.22,0.00,-0.04,0.01,-0.07,
703.22,0.13,0.10,-0.02,0.00,0.16,0.04,-0.20,-0.18,-0.04,-0.06,0.05,-0.10,
703.63,0.18,0.07,-0.02,0.07,0.12,0.06,-0.16,-0.10,-0.02,-0.05,0.05,-0.10,
704.04,0.22,0.15,0.01,0.07,0.14,0.05,-0.14,-0.04,0.01,-0.15,0.09,-0.07,
704.45,0.24,0.14,-0.04,0.05,0.06,0.07,-0.21,0.02,-0.01,-0.12,0.02,-0.06,
704.86,0.20,0.18,-0.01,0.06,0.06,0.05,-0.26,-0.01,-0.05,0.01,-0.09,0.01,
705.27,0.20,0.24,0.10,0.10,0.18,0.08,-0.25,-0.05,-0.09,0.00,-0.06,-0.08,
705.69,0.15,0.19,0.09,0.10,0.16,0.06,-0.29,-0.04,-0.10,0.04,-0.01,-0.06,
706.10,0.08,0.20,0.08,0.03,0.13,0.06,-0.19,-0.11,-0.09,0.01,0.03,-0.08,
706.51,0.09,0.23,0.09,-0.01,0.10,0.08,-0.13,-0.09,-0.05,-0.04,-0.01,-0.10,
706.92,0.13,0.14,0.04,-0.03,0.13,0.06,-0.12,-0.09,-0.05,-0.03,-0.05,-0.05,
707.33,0.18,0.14,0.04,-0.03,0.09,0.03,-0.06,-0.10,-0.04,0.01,-0.08,-0.09,
707.74,0.14,0.13,-0.05,0.01,0.01,-0.01,-0.12,-0.10,0.03,0.12,-0.08,-0.08,
708.16,0.06,0.09,-0.05,0.06,0.00,-0.04,-0.09,-0.14,0.13,0.10,-0.10,0.03,
708.57,0.03,0.05,0.00,0.01,-0.01,0.00,0.01,-0.13,0.04,0.10,-0.07,0.00,
708.98,0.03,0.03,0.01,0.04,-0.07,0.03,0.05,-0.01,-0.01,0.17,-0.07,0.00,
709.39,0.01,0.09,0.03,0.04,-0.04,0.11,0.11,0.01,0.04,0.11,-0.08,0.05,
709.80,0.05,0.09,0.01,-0.04,-0.03,0.13,0.11,0.04,0.04,0.07,-0.09,0.08,
710.21,0.05,0.05,0.03,-0.12,0.03,0.16,0.07,-0.01,0.01,0.17,-0.17,0.05,
710.63,0.12,0.12,0.09,-0.12,0.16,0.16,0.04,-0.07,-0.05,0.23,-0.19,-0.03,
711.04,0.05,0.07,0.07,-0.11,0.15,0.17,0.03,-0.09,-0.03,0.21,-0.12,-0.03,
711.45,0.01,0.04,0.01,-0.17,0.07,0.16,0.08,-0.16,0.07,0.16,-0.08,0.01,
711.86,0.01,0.04,0.00,-0.20,0.08,0.12,0.12,-0.09,0.07,0.13,-0.11,-0.01,
712.27,0.11,-0.05,-0.04,-0.12,0.04,0.14,0.12,-0.07,0.05,0.09,-0.16,0.00,
712.68,0.15,-0.07,-0.07,-0.15,0.07,0.11,0.16,-0.04,0.10,0.10,-0.10,-0.04,
713.09,0.16,-0.03,-0.07,-0.08,-0.04,0.10,0.08,0.04,0.15,0.15,-0.14,-0.05,
713.51,0.05,-0.04,-0.05,0.01,-0.01,0.16,0.05,0.01,0.18,0.16,-0.18,0.04,
713.92,0.04,0.00,0.05,0.05,0.03,0.22,0.12,0.03,0.10,0.11,-0.11,0.03,
714.33,0.00,0.01,0.04,0.06,0.00,0.21,0.08,0.11,0.06,0.14,-0.06,-0.03,
714.74,-0.07,0.10,0.06,0.11,-0.01,0.17,0.11,0.15,0.08,0.08,-0.07,-0.01,
715.15,-0.01,0.13,0.04,0.04,0.00,0.14,0.14,0.18,0.03,0.03,-0.08,-0.06,
715.56,0.04,0.08,0.10,-0.08,0.01,0.10,0.03,0.14,0.06,0.04,-0.17,-0.06,
715.97,0.10,0.06,0.08,-0.04,0.07,0.04,-0.03,0.06,0.01,0.10,-0.21,-0.11,
716.38,0.06,0.07,0.04,0.07,0.08,0.01,-0.06,0.01,0.03,0.07,-0.18,-0.15,
716.80,0.00,0.08,0.03,0.04,0.01,0.04,-0.01,-0.06,0.14,-0.01,-0.06,-0.10,
717.21,0.03,0.06,-0.01,0.04,0.01,-0.01,0.00,-0.04,0.13,-0.03,-0.07,-0.11,
717.62,0.11,-0.01,0.01,0.13,0.01,-0.03,0.03,0.04,0.06,0.00,-0.10,-0.06,
718.03,0.21,0.06,0.03,0.10,0.01,0.00,0.09,0.10,0.10,-0.13,0.01,-0.10,
718.44,0.23,0.04,0.04,0.04,-0.06,0.01,-0.01,0.19,0.10,-0.03,-0.03,-0.06,
718.85,0.22,0.04,0.04,0.10,-0.04,0.00,-0.06,0.14,0.04,0.00,-0.14,0.03,
719.26,0.22,0.04,0.11,0.07,0.06,0.01,-0.03,0.10,-0.03,-0.03,-0.11,-0.01,
719.67,0.23,0.07,0.10,0.06,0.04,0.03,-0.10,0.06,-0.09,-0.01,-0.01,-0.07,
720.08,0.17,0.06,0.07,0.03,0.04,-0.01,-0.07,0.00,-0.06,-0.04,-0.09,-0.07,
720.50,0.27,0.10,0.06,-0.01,0.06,-0.01,-0.01,0.03,-0.07,-0.10,-0.10,-0.06,
720.91,0.40,0.01,0.06,-0.17,0.10,0.01,-0.07,0.01,-0.04,-0.10,-0.16,-0.01,
721.32,0.43,-0.01,0.04,-0.14,0.17,-0.04,-0.11,-0.06,-0.03,-0.07,-0.19,-0.03,
721.73,0.39,-0.03,-0.03,-0.01,0.10,-0.03,-0.16,-0.07,-0.03,-0.03,-0.16,-0.03,
722.14,0.32,-0.01,-0.09,-0.03,0.11,-0.01,-0.11,-0.13,0.06,-0.09,-0.13,0.04,
722.55,0.29,-0.07,-0.04,-0.03,0.06,-0.04,-0.09,-0.10,0.04,-0.09,-0.10,0.06,
722.96,0.27,-0.10,-0.07,0.01,-0.01,-0.12,-0.06,-0.01,0.03,0.00,-0.16,0.07,
723.37,0.30,-0.01,-0.06,0.00,0.01,-0.06,0.03,0.06,0.06,-0.12,-0.06,0.04,
723.78,0.29,-0.01,-0.07,-0.09,-0.04,-0.07,0.01,0.07,0.04,-0.13,-0.07,0.04,
724.19,0.25,-0.04,-0.03,-0.14,-0.07,-0.07,-0.09,0.03,-0.03,-0.03,-0.25,0.09,
724.61,0.33,-0.04,0.01,-0.03,0.10,-0.10,-0.07,-0.03,-0.07,-0.03,-0.25,-0.03,
725.02,0.23,-0.06,-0.01,-0.07,0.09,-0.06,-0.12,-0.04,-0.07,-0.03,-0.17,-0.12,
725.43,0.21,-0.07,-0.03,-0.15,0.07,-0.09,-0.06,-0.16,-0.06,-0.03,-0.16,-0.10,
725.84,0.25,-0.10,-0.04,-0.24,0.07,-0.10,-0.01,-0.06,-0.04,-0.04,-0.19,-0.03,
726.25,0.33,-0.22,-0.06,-0.25,0.10,-0.15,-0.01,-0.01,-0.01,-0.06,-0.15,-0.03,
726.66,0.36,-0.21,-0.07,-0.33,0.09,-0.25,-0.06,-0.07,0.00,-0.03,-0.16,-0.07,
727.07,0.32,-0.18,-0.12,-0.24,-0.03,-0.26,-0.15,-0.09,0.02,0.09,-0.14,-0.09,
727.48,0.21,-0.15,-0.14,-0.21,-0.05,-0.18,-0.12,-0.12,0.09,0.08,-0.12,-0.02,
727.89,0.21,-0.15,-0.05,-0.15,-0.03,-0.18,-0.05,-0.15,0.02,0.06,-0.03,-0.03,
728.30,0.21,-0.17,-0.02,-0.15,-0.11,-0.17,-0.03,-0.06,0.00,0.15,-0.02,-0.05,
728.71,0.23,-0.08,0.03,-0.17,-0.08,-0.12,0.02,-0.02,-0.03,0.05,-0.03,-0.03,
729.12,0.28,-0.06,0.00,-0.23,-0.06,-0.08,0.03,0.03,-0.05,0.02,-0.03,-0.02,
729.54,0.28,-0.09,0.05,-0.33,-0.05,-0.12,-0.08,0.00,-0.03,0.14,-0.17,0.05,
729.95,0.30,-0.06,0.09,-0.25,0.12,-0.09,-0.17,-0.05,-0.05,0.20,-0.30,-0.02,
730.36,0.22,-0.05,0.00,-0.16,0.12,-0.08,-0.20,-0.12,-0.02,0.20,-0.19,-0.06,
730.77,0.08,0.00,-0.02,-0.20,0.06,-0.06,-0.14,-0.19,0.08,0.17,-0.06,-0.03,
731.18,0.11,0.00,0.00,-0.16,0.00,-0.09,-0.08,-0.14,0.06,0.16,-0.13,0.03,
731.59,0.16,-0.06,0.05,-0.05,0.03,-0.08,-0.06,-0.11,0.08,0.19,-0.19,0.09,
732.00,0.16,0.05,0.08,-0.06,0.03,-0.05,-0.02,-0.11,0.10,0.13,-0.10,0.02,
732.41,0.14,0.08,0.08,-0.06,-0.06,-0.03,-0.11,-0.05,0.10,0.17,-0.14,0.05,
732.82,0.08,0.13,0.11,0.06,-0.08,0.05,-0.10,-0.08,0.08,0.14,-0.13,0.16,
733.23,0.05,0.13,0.27,0.11,-0.08,0.08,0.03,-0.06,0.00,0.08,-0.06,0.13,
733.64,0.02,0.10,0.27,0.13,-0.10,0.02,-0.03,-0.02,-0.10,0.08,-0.02,0.11,
734.05,-0.05,0.16,0.22,0.03,-0.08,0.02,0.00,0.06,-0.05,0.03,-0.10,0.14,
734.46,-0.03,0.19,0.32,0.05,-0.08,0.02,0.03,0.10,-0.10,-0.08,-0.14,0.11,
734.87,-0.02,0.11,0.27,-0.10,-0.06,0.00,-0.08,0.06,-0.05,0.06,-0.18,0.02,
735.28,0.03,0.10,0.26,-0.03,0.06,-0.05,-0.15,-0.02,-0.06,0.11,-0.23,-0.02,
735.69,0.00,0.06,0.19,0.05,0.08,0.03,-0.16,-0.06,-0.11,0.13,-0.18,-0.08,
736.10,-0.07,0.07,0.13,0.03,0.03,0.00,-0.11,-0.15,0.03,0.07,-0.02,-0.08,
736.51,-0.03,0.07,0.15,-0.05,0.03,0.02,-0.07,-0.08,-0.03,0.10,0.05,-0.05,
736.93,0.05,0.03,0.10,0.03,0.02,0.02,-0.05,-0.03,-0.03,0.05,-0.03,-0.03,
737.34,0.10,0.11,0.10,-0.02,0.07,0.08,0.02,-0.02,0.03,-0.11,0.13,-0.07,
737.75,0.13,0.11,0.00,-0.08,-0.02,0.05,-0.07,0.08,0.05,-0.11,0.15,-0.08,
738.16,0.12,0.08,0.00,-0.08,0.00,0.03,-0.13,0.03,0.05,-0.05,-0.02,0.02,
738.57,0.10,0.07,0.07,0.02,0.13,0.02,-0.03,0.00,0.05,-0.05,0.05,-0.08,
738.98,0.05,0.02,-0.03,0.05,0.15,0.00,-0.10,-0.03,0.03,0.00,0.08,-0.13,
739.39,0.02,0.00,-0.12,0.02,0.18,-0.02,-0.08,-0.15,0.12,-0.02,0.03,-0.10,
739.80,0.10,0.00,-0.12,-0.03,0.20,0.02,-0.02,-0.10,0.17,-0.05,-0.03,-0.10,
740.21,0.23,-0.08,-0.13,-0.12,0.22,0.03,-0.08,-0.12,0.17,-0.02,-0.05,-0.08,
740.62,0.30,-0.05,-0.20,-0.17,0.27,0.00,-0.13,-0.15,0.13,0.05,-0.03,-0.10,
741.03,0.32,-0.07,-0.23,-0.10,0.20,-0.02,-0.13,-0.15,0.18,0.10,-0.03,-0.10,
741.44,0.25,-0.07,-0.25,-0.10,0.15,0.02,-0.10,-0.17,0.25,0.03,0.07,-0.07,
741.85,0.22,-0.05,-0.22,-0.12,0.03,-0.03,-0.10,-0.15,0.15,0.02,0.12,-0.08,
742.26,0.25,-0.05,-0.17,-0.03,-0.07,-0.03,-0.03,-0.07,0.08,0.02,0.08,-0.05,
742.67,0.29,0.00,-0.15,-0.03,-0.05,-0.02,0.08,-0.05,0.17,-0.12,0.13,-0.02,
743.08,0.27,0.08,-0.10,-0.12,-0.08,-0.02,0.08,0.02,0.12,-0.07,0.14,0.02,
743.49,0.25,0.07,-0.05,-0.22,-0.08,-0.07,0.02,-0.02,0.05,0.07,-0.02,0.03,
743.90,0.20,0.10,0.05,-0.15,0.10,-0.07,-0.02,-0.07,-0.02,0.10,0.00,-0.05,
744.31,0.12,0.05,-0.03,-0.03,0.09,-0.05,-0.07,-0.12,-0.03,0.09,0.10,-0.12,
744.72,0.09,0.17,-0.05,-0.12,-0.02,-0.05,-0.12,-0.24,-0.07,0.09,0.10,-0.12,
745.13,0.15,0.17,0.00,-0.19,-0.03,-0.02,-0.03,-0.10,-0.05,0.10,0.03,-0.07,
745.54,0.24,0.07,-0.05,-0.24,0.02,-0.05,-0.07,0.00,-0.05,0.09,0.00,-0.09,
745.95,0.31,0.17,0.00,-0.29,0.00,-0.09,-0.09,-0.05,-0.03,0.12,0.07,-0.12,
746.36,0.28,0.19,0.00,-0.21,-0.09,-0.14,-0.09,-0.05,-0.03,0.21,0.09,-0.12,
746.77,0.22,0.14,0.00,-0.16,-0.07,-0.09,-0.10,-0.07,0.02,0.16,0.12,0.02,
747.18,0.19,0.14,0.09,-0.09,-0.03,-0.05,-0.02,-0.07,-0.12,0.05,0.19,0.02,
747.59,0.17,0.09,0.09,0.02,-0.07,-0.07,0.05,-0.03,-0.12,0.16,0.19,0.03,
748.00,0.10,0.10,0.12,0.03,0.02,-0.03,0.17,0.03,-0.07,0.07,0.19,0.09,
748.41,0.10,0.10,0.14,-0.03,0.10,0.00,0.16,0.09,-0.10,0.03,0.19,0.09,
748.82,0.11,0.05,0.12,-0.16,0.12,-0.04,0.04,0.09,-0.11,0.07,0.00,0.04,
749.23,0.21,0.00,0.14,-0.11,0.25,-0.09,-0.05,0.04,-0.09,0.12,-0.04,-0.04,
749.64,0.16,-0.05,0.04,0.04,0.28,-0.05,-0.12,-0.02,-0.05,0.16,0.04,-0.05,
750.05,0.14,-0.02,0.00,0.04,0.19,-0.02,-0.02,-0.05,0.00,0.07,0.09,-0.04,
750.46,0.19,-0.07,0.00,-0.05,0.19,-0.04,0.00,0.05,-0.04,0.02,0.09,-0.04,
750.87,0.30,-0.20,0.04,0.00,0.23,0.00,0.07,0.12,-0.04,-0.02,0.02,-0.02,
751.28,0.37,-0.09,0.07,-0.04,0.25,-0.02,0.11,0.12,-0.07,-0.23,0.16,-0.11,
751.69,0.39,0.00,0.07,0.04,0.12,-0.05,0.00,0.11,-0.12,-0.14,0.12,-0.05,
752.10,0.25,-0.04,0.11,0.07,0.09,-0.04,0.05,0.05,-0.13,-0.11,0.05,0.00,
752.51,0.20,-0.02,0.25,0.18,0.20,0.00,0.07,0.00,-0.25,-0.18,0.13,-0.09,
752.92,0.18,0.04,0.20,0.25,0.13,-0.02,0.02,0.05,-0.32,-0.11,0.16,-0.16,
753.33,0.11,0.05,0.14,0.23,0.07,0.04,0.07,0.07,-0.27,-0.16,0.07,-0.14,
753.74,0.18,0.11,0.20,0.13,0.13,0.05,0.07,0.16,-0.23,-0.22,0.04,-0.14,
754.15,0.27,0.11,0.16,0.00,0.13,0.04,-0.07,0.11,-0.20,-0.20,-0.04,-0.24,
754.56,0.38,0.16,0.11,0.04,0.18,-0.02,-0.15,0.04,-0.27,-0.11,-0.11,-0.27,
754.96,0.33,0.16,0.04,0.22,0.13,0.07,-0.16,-0.05,-0.25,-0.05,0.00,-0.29,
755.37,0.18,0.09,-0.05,0.18,0.13,0.13,-0.07,-0.11,-0.16,-0.09,0.07,-0.16,
755.78,0.18,0.11,-0.05,0.13,0.09,0.05,-0.04,-0.09,-0.20,-0.15,0.05,-0.18,
756.19,0.20,0.02,-0.02,0.20,0.07,0.02,0.04,-0.07,-0.15,-0.15,0.00,-0.11,
756.60,0.22,0.07,0.04,0.20,0.06,0.06,0.20,-0.06,-0.09,-0.26,0.11,-0.07,
757.01,0.22,0.11,-0.04,0.13,0.00,0.07,0.04,0.00,-0.06,-0.20,0.09,-0.04,
757.42,0.15,0.04,-0.02,0.02,-0.04,0.09,-0.02,-0.09,0.02,-0.06,-0.11,0.06,
757.83,0.04,-0.04,0.17,0.09,0.17,0.17,0.06,-0.04,0.06,-0.06,-0.04,-0.02,
758.24,0.02,-0.11,0.06,0.13,0.15,0.17,-0.07,0.02,0.02,-0.04,0.02,-0.02,
758.65,-0.04,-0.11,-0.02,0.04,0.11,0.19,-0.02,0.00,0.09,-0.02,-0.07,-0.02,
759.06,0.02,-0.13,-0.02,-0.04,0.15,0.21,0.04,0.04,0.15,-0.09,-0.09,0.02,
759.47,0.11,-0.22,-0.02,-0.15,0.21,0.17,-0.06,0.00,0.21,-0.06,-0.11,0.11,
759.88,0.17,-0.06,0.00,-0.23,0.19,0.08,-0.11,-0.09,0.09,-0.04,-0.11,0.04,
760.29,0.19,-0.13,-0.02,-0.19,0.06,0.08,-0.21,-0.15,0.08,0.04,-0.09,0.06,
760.70,0.08,-0.21,-0.06,-0.13,0.04,0.09,-0.13,-0.17,0.23,-0.06,-0.06,0.19,
761.11,0.04,-0.23,0.09,-0.13,0.08,0.06,-0.06,-0.15,0.06,-0.09,-0.04,0.19,
761.52,0.08,-0.19,0.17,-0.02,-0.04,0.02,-0.04,-0.06,-0.02,0.00,-0.02,0.13,
761.92,0.06,-0.17,0.28,-0.08,-0.08,0.04,0.06,0.02,-0.06,-0.09,0.02,0.17,
762.33,0.13,-0.10,0.23,-0.19,-0.11,0.10,-0.06,0.15,-0.08,-0.08,-0.02,0.17,
762.74,0.08,-0.02,0.25,-0.34,-0.10,0.13,-0.19,0.06,-0.17,0.08,-0.21,0.17,
763.15,0.11,-0.02,0.29,-0.27,0.08,0.10,-0.19,0.02,-0.27,0.11,-0.29,0.06,
763.56,0.04,-0.08,0.15,-0.10,0.11,0.11,-0.23,0.08,-0.29,0.15,-0.15,0.02,
763.97,0.00,-0.04,0.10,-0.12,0.02,0.06,-0.23,-0.02,-0.31,0.15,-0.10,0.00,
764.38,0.08,-0.04,0.14,-0.15,0.06,0.02,-0.12,0.02,-0.27,0.10,-0.17,0.04,
764.79,0.19,-0.15,0.12,-0.17,0.10,-0.06,-0.17,0.10,-0.25,0.06,-0.15,0.10,
765.20,0.23,0.04,0.16,-0.21,0.06,-0.19,-0.17,0.04,-0.29,-0.04,-0.08,0.00,
765.61,0.21,0.08,0.12,-0.14,-0.02,-0.18,-0.23,-0.02,-0.23,0.10,-0.14,-0.02,
766.02,0.12,-0.06,0.10,0.00,0.02,-0.12,-0.16,-0.12,-0.14,0.08,-0.14,0.10,
766.43,0.06,-0.12,0.25,0.08,0.08,-0.08,-0.04,-0.08,-0.22,0.00,-0.04,0.08,
766.83,0.04,-0.12,0.26,0.10,0.06,0.00,-0.02,0.02,-0.24,0.12,0.00,0.06,
767.24,0.00,-0.08,0.24,0.04,0.06,0.02,0.04,0.08,-0.16,0.08,-0.06,0.14,
767.65,0.06,-0.02,0.20,-0.04,0.10,0.00,0.06,0.18,-0.16,-0.02,-0.10,0.12,
768.06,0.12,-0.06,0.12,-0.14,0.12,0.02,-0.08,0.12,-0.10,0.10,-0.20,0.06,
768.47,0.22,-0.02,0.12,-0.04,0.26,-0.02,-0.16,0.04,-0.12,0.20,-0.24,-0.02,
768.88,0.18,-0.12,0.04,0.08,0.26,0.00,-0.18,0.02,-0.06,0.20,-0.10,-0.12,
769.29,0.10,-0.12,0.02,0.06,0.14,0.04,-0.08,-0.10,0.12,0.12,0.12,-0.04,
769.70,0.14,-0.08,0.08,0.00,0.12,0.04,-0.08,-0.08,0.04,0.10,0.02,-0.02,
770.11,0.30,-0.10,0.08,0.06,0.10,0.10,0.00,0.00,0.04,0.02,0.02,0.06,
770.52,0.30,-0.02,0.08,0.04,0.08,0.02,0.10,0.02,0.06,-0.12,0.14,0.04,
770.92,0.28,0.12,0.06,0.08,-0.04,0.04,0.02,-0.02,0.08,-0.04,0.12,0.02,
771.33,0.24,0.02,0.04,0.24,-0.06,0.12,0.04,-0.08,0.06,0.04,-0.08,0.22,
771.74,0.18,-0.02,0.14,0.28,0.12,0.14,0.18,0.02,-0.08,-0.04,0.04,0.12,
772.15,0.14,-0.04,0.04,0.24,0.10,0.14,0.08,0.12,-0.18,0.08,0.08,0.16,
772.56,0.10,0.04,0.04,0.18,0.10,0.16,0.16,0.18,-0.14,0.06,0.00,0.20,
772.97,0.18,-0.02,0.04,0.04,0.14,0.16,0.16,0.31,-0.14,-0.06,-0.02,0.10,
773.38,0.25,-0.04,-0.08,-0.04,0.20,0.08,0.08,0.29,-0.10,-0.02,-0.04,0.08,
773.79,0.33,-0.02,-0.10,-0.04,0.25,0.10,-0.04,0.14,-0.14,0.00,-0.12,0.06,
774.19,0.29,-0.04,-0.10,0.10,0.25,0.14,-0.02,0.08,-0.12,0.08,-0.02,0.06,
774.60,0.17,-0.10,-0.14,0.14,0.29,0.17,0.00,0.04,0.00,0.06,0.04,0.10,
775.01,0.21,-0.08,-0.04,0.12,0.23,0.04,0.08,0.14,-0.02,0.04,0.08,0.17,
775.42,0.31,-0.12,0.00,0.25,0.21,-0.02,0.10,0.25,-0.06,0.08,0.00,0.21,
775.83,0.33,-0.06,-0.02,0.17,0.21,-0.02,0.17,0.21,0.00,-0.08,0.15,0.12,
776.24,0.33,0.00,-0.04,0.08,0.17,-0.13,0.00,0.23,0.10,-0.08,0.06,0.08,
776.65,0.31,0.00,0.00,0.02,0.17,0.00,-0.13,0.08,0.08,0.08,-0.10,0.13,
777.05,0.27,-0.08,0.15,0.04,0.38,0.08,-0.10,0.10,-0.02,0.10,-0.04,0.04,
777.46,0.23,-0.17,0.13,-0.08,0.42,0.13,-0.19,0.19,-0.04,0.11,0.06,-0.04,
777.87,0.17,-0.08,0.11,-0.11,0.30,0.06,-0.19,0.19,-0.02,0.15,0.08,-0.04,
778.28,0.23,-0.08,0.15,-0.17,0.19,0.06,-0.08,0.25,0.04,0.02,0.06,-0.11,
778.69,0.32,-0.21,0.11,-0.21,0.21,-0.02,-0.17,0.25,0.06,0.00,0.04,-0.08,
779.10,0.40,0.00,0.13,-0.23,0.23,-0.17,-0.30,0.06,-0.04,0.04,0.04,-0.11,
779.50,0.40,-0.04,0.11,-0.17,0.04,-0.09,-0.23,-0.06,-0.04,0.11,0.04,-0.15,
779.91,0.28,-0.15,0.15,-0.15,0.02,-0.11,-0.11,-0.09,0.06,0.09,0.09,-0.02,
780.32,0.17,-0.15,0.34,-0.15,0.00,-0.13,-0.13,-0.06,0.00,-0.04,0.13,0.00,
780.73,0.21,-0.15,0.32,-0.13,-0.21,-0.09,-0.06,-0.02,-0.21,0.00,0.17,0.02,
781.14,0.17,-0.11,0.30,-0.11,-0.24,0.06,0.02,-0.02,-0.45,-0.15,0.15,0.06,
781.55,0.15,-0.02,0.22,-0.24,-0.22,0.06,-0.02,0.09,-0.50,-0.22,0.17,0.09,
781.95,0.09,-0.06,0.28,-0.35,-0.26,0.04,-0.11,0.00,-0.52,-0.09,0.00,0.11,
782.36,0.04,-0.06,0.28,-0.30,-0.11,0.09,-0.04,-0.04,-0.69,0.00,-0.02,0.06,
782.77,-0.07,-0.17,0.15,-0.22,-0.02,0.11,-0.02,0.00,-0.72,-0.09,0.02,-0.09,
783.18,-0.13,-0.11,0.02,-0.24,-0.15,0.09,0.04,-0.04,-0.63,-0.20,0.07,-0.07,
783.59,-0.04,-0.13,0.04,-0.26,-0.17,0.02,0.13,0.04,-0.57,-0.20,0.07,-0.04,
784.00,0.13,-0.24,-0.02,-0.24,-0.11,0.09,0.11,0.07,-0.52,-0.33,-0.02,0.00,
784.40,0.22,-0.09,0.00,-0.22,-0.04,-0.04,0.00,-0.02,-0.48,-0.39,0.07,-0.07,
784.81,0.22,-0.04,-0.04,-0.18,-0.15,-0.07,-0.02,-0.11,-0.48,-0.20,0.02,-0.04,
785.22,0.09,-0.15,-0.09,-0.07,-0.18,0.09,0.04,-0.13,-0.35,-0.20,-0.04,0.15,
785.63,0.04,-0.15,0.09,0.00,-0.04,0.07,-0.02,-0.07,-0.42,-0.29,0.00,0.09,
786.04,0.02,-0.11,0.11,0.04,-0.07,0.07,-0.11,0.00,-0.46,-0.15,0.07,0.00,
786.44,0.00,-0.09,0.02,0.02,-0.07,0.13,0.13,0.15,-0.44,-0.22,0.02,0.02,
786.85,0.00,-0.07,0.02,-0.11,0.07,0.11,0.11,0.26,-0.37,-0.29,-0.02,0.04,
787.26,0.09,-0.07,-0.04,-0.26,0.15,0.00,-0.04,0.20,-0.13,-0.18,-0.18,0.02,
787.67,0.18,-0.07,0.04,-0.26,0.29,-0.13,0.00,0.13,-0.15,-0.11,-0.26,-0.09,
788.08,0.15,-0.11,-0.13,-0.11,0.33,0.00,-0.02,0.13,-0.18,-0.07,-0.20,-0.11,
788.48,0.07,-0.16,-0.18,-0.16,0.27,0.02,0.00,0.07,-0.04,-0.16,-0.07,-0.04,
788.89,0.20,-0.11,-0.04,-0.13,0.16,-0.18,0.02,0.11,-0.07,-0.16,-0.07,0.02,
789.30,0.27,-0.20,-0.07,0.00,0.18,-0.20,0.04,0.22,-0.07,-0.09,-0.20,0.11,
789.71,0.29,-0.07,-0.07,0.02,0.20,-0.16,0.00,0.11,-0.09,-0.20,-0.05,0.02,
790.12,0.27,0.05,0.02,-0.05,0.00,-0.27,-0.11,0.07,-0.02,-0.11,-0.09,0.02,
790.52,0.16,-0.02,0.05,-0.11,-0.02,-0.14,-0.11,-0.07,0.00,-0.05,-0.32,0.18,
790.93,0.05,-0.02,0.21,0.00,0.18,-0.07,-0.02,-0.02,-0.16,-0.14,-0.30,0.05,
791.34,0.02,-0.05,0.12,-0.05,0.09,-0.02,-0.14,0.07,-0.19,-0.07,-0.25,-0.07,
791.75,-0.07,0.07,0.07,-0.12,0.02,-0.02,-0.02,0.14,-0.14,-0.07,-0.26,0.02,
792.15,-0.05,0.09,0.00,-0.23,0.07,-0.02,0.07,0.26,-0.16,-0.16,-0.30,0.05,
792.56,0.12,-0.05,-0.09,-0.31,0.09,-0.12,-0.14,0.14,-0.14,-0.12,-0.40,0.00,
792.97,0.24,0.14,-0.07,-0.33,0.07,-0.28,-0.26,-0.02,-0.21,-0.07,-0.47,-0.05,
793.38,0.14,0.05,-0.09,-0.14,0.05,-0.24,-0.24,-0.09,-0.19,0.05,-0.40,-0.14,
793.78,0.02,-0.05,-0.14,-0.02,0.02,-0.09,-0.21,-0.21,0.00,0.05,-0.33,-0.05,
794.19,0.02,-0.07,0.14,0.00,-0.02,-0.24,-0.17,-0.19,-0.05,0.07,-0.31,-0.05,
794.60,0.12,-0.09,0.14,0.00,-0.05,-0.24,-0.17,-0.12,-0.07,0.17,-0.40,-0.02,
795.01,0.09,-0.05,0.17,0.02,0.00,-0.05,-0.12,-0.14,0.07,-0.02,-0.31,0.00,
795.42,0.14,0.05,0.21,-0.14,-0.07,-0.09,-0.26,-0.05,0.09,0.05,-0.31,0.00,
795.82,0.09,0.02,0.21,-0.26,-0.07,-0.14,-0.30,-0.19,0.09,0.19,-0.49,0.07,
796.23,-0.02,-0.02,0.21,-0.16,0.16,-0.05,-0.23,-0.19,0.02,0.26,-0.49,-0.05,
796.64,-0.05,-0.14,0.12,-0.09,0.21,-0.02,-0.30,-0.07,0.02,0.32,-0.25,-0.16,
797.05,-0.09,-0.02,0.00,-0.14,0.09,-0.07,-0.21,0.00,0.11,0.30,-0.21,-0.07,
797.45,-0.11,-0.02,0.07,-0.23,0.09,-0.20,-0.07,0.02,0.07,0.18,-0.16,-0.05,
797.86,0.11,-0.18,0.02,-0.25,0.16,-0.27,-0.16,-0.07,0.07,0.16,-0.18,-0.02,
798.27,0.22,-0.02,0.07,-0.29,0.09,-0.38,-0.31,-0.22,0.02,0.16,-0.09,0.00,
798.67,0.25,0.04,0.09,-0.20,-0.09,-0.40,-0.31,-0.29,0.07,0.31,-0.11,0.02,
799.08,0.04,-0.09,0.20,-0.09,-0.09,-0.27,-0.20,-0.33,0.27,0.22,-0.04,0.04,
799.49,0.02,-0.04,0.35,-0.13,-0.20,-0.24,-0.24,-0.29,0.29,0.07,0.07,0.07,
799.90,0.07,0.07,0.35,-0.09,-0.33,-0.29,-0.20,-0.15,0.18,0.09,0.11,0.09,
800.30,0.07,0.11,0.24,-0.09,-0.35,-0.17,-0.02,-0.07,0.20,-0.04,0.04,0.09,
800.71,0.02,0.11,0.24,-0.17,-0.35,-0.22,-0.09,0.07,0.17,-0.13,0.07,0.07,
801.12,0.04,0.06,0.17,-0.35,-0.35,-0.19,-0.15,-0.02,0.13,0.04,-0.06,0.04,
801.53,0.06,0.00,0.15,-0.21,-0.21,-0.17,-0.09,-0.09,0.04,0.11,-0.06,0.02,
801.93,-0.02,-0.04,0.04,-0.06,-0.15,-0.06,-0.11,-0.06,-0.02,0.15,0.00,-0.06,
802.34,-0.06,-0.02,0.04,-0.09,-0.21,-0.04,-0.11,-0.19,-0.02,0.06,0.09,0.00,
802.75,0.00,0.00,0.08,-0.08,-0.30,-0.08,-0.04,-0.08,-0.04,0.00,0.00,0.06,
803.15,0.13,-0.13,0.11,0.02,-0.23,-0.17,0.00,-0.08,-0.08,0.02,0.00,0.11,
803.56,0.25,-0.04,0.08,-0.06,-0.15,-0.19,-0.11,-0.13,-0.08,0.00,0.08,0.08,
803.97,0.19,0.00,0.04,-0.04,-0.27,-0.25,-0.19,-0.17,-0.04,0.04,0.06,0.06,
804.38,0.10,-0.08,0.04,0.06,-0.23,-0.13,-0.04,-0.10,0.02,0.10,-0.10,0.15,
804.78,0.02,-0.12,0.10,0.12,-0.06,0.00,0.02,-0.08,0.06,-0.04,0.02,0.10,
805.19,0.10,-0.16,0.08,0.19,-0.08,0.02,-0.04,-0.04,0.00,0.10,0.04,0.12,
805.60,0.08,-0.12,0.00,0.14,-0.04,0.02,0.14,0.04,-0.06,0.08,-0.04,0.18,
806.00,0.10,-0.12,-0.06,0.04,0.06,0.06,0.10,0.14,-0.12,0.00,-0.08,0.20,
806.41,0.18,-0.12,-0.12,-0.10,0.12,-0.02,-0.06,0.10,-0.10,0.10,-0.12,0.28,
806.82,0.30,-0.06,-0.16,-0.04,0.20,-0.14,-0.12,0.00,-0.12,0.14,-0.18,0.26,
807.22,0.22,-0.06,-0.28,0.08,0.22,-0.14,-0.16,0.04,-0.24,0.16,-0.12,0.18,
807.63,0.16,-0.02,-0.26,0.10,0.18,-0.04,-0.08,-0.10,-0.22,0.06,-0.08,0.08,
808.04,0.28,-0.02,-0.08,0.06,0.08,-0.10,-0.08,-0.04,-0.16,0.00,-0.08,0.20,
808.44,0.39,-0.06,-0.12,0.08,0.04,-0.16,-0.08,0.10,-0.14,-0.06,-0.18,0.24,
808.85,0.41,0.00,-0.16,0.04,0.06,-0.06,-0.10,0.08,-0.08,-0.20,-0.08,0.12,
809.26,0.41,0.10,-0.18,0.02,-0.02,-0.08,-0.25,0.12,0.04,-0.18,-0.12,0.14,
809.67,0.31,0.08,-0.08,0.12,-0.04,0.06,-0.21,0.06,0.14,-0.10,-0.31,0.23,
810.07,0.31,0.06,-0.08,0.17,0.12,0.17,-0.14,0.12,0.06,-0.12,-0.25,0.08,
810.48,0.23,0.02,-0.17,0.17,0.12,0.23,-0.19,0.14,0.02,-0.02,-0.15,0.00,
810.89,0.19,0.10,-0.15,0.10,0.12,0.21,-0.13,0.17,-0.04,0.00,-0.17,0.06,
811.29,0.17,0.10,-0.15,0.02,0.08,0.21,-0.08,0.27,-0.12,-0.08,-0.23,0.10,
811.70,0.25,-0.04,-0.27,-0.12,0.12,0.13,-0.25,0.29,-0.13,-0.02,-0.25,0.06,
812.11,0.34,0.04,-0.25,-0.11,0.15,-0.04,-0.29,0.13,-0.21,0.08,-0.23,-0.04,
812.51,0.31,0.00,-0.21,0.02,0.10,-0.02,-0.29,0.11,-0.23,0.11,-0.21,-0.11,
812.92,0.19,-0.04,-0.19,0.04,0.06,0.11,-0.23,0.02,-0.13,0.08,-0.15,-0.11,
813.32,0.13,0.00,0.02,0.06,0.00,0.09,-0.17,0.04,-0.08,0.08,-0.09,-0.04,
813.73,0.19,0.02,0.02,0.09,-0.02,0.06,-0.19,0.15,-0.06,0.17,-0.08,0.06,
814.14,0.15,0.04,-0.04,0.09,0.00,0.17,-0.08,0.21,-0.08,0.06,0.02,0.02,
814.54,0.13,0.08,-0.08,0.06,-0.06,0.15,-0.11,0.26,-0.06,0.17,0.02,0.06,
814.95,0.11,0.07,0.02,-0.04,-0.04,0.09,-0.11,0.19,-0.07,0.34,-0.13,0.19,
815.36,0.15,0.02,0.02,0.00,0.11,0.17,-0.07,0.11,-0.22,0.37,-0.07,0.00,
815.76,0.09,0.00,-0.11,0.00,0.15,0.19,-0.15,0.13,-0.24,0.39,0.09,-0.09,
816.17,0.06,0.04,-0.04,-0.04,0.04,0.19,-0.09,0.06,-0.24,0.39,0.07,0.04,
816.58,0.09,0.04,0.04,-0.09,-0.02,0.11,-0.02,0.11,-0.24,0.29,0.04,0.07,
816.98,0.24,-0.06,-0.06,-0.04,0.02,0.06,-0.09,0.13,-0.20,0.24,0.00,0.02,
817.39,0.33,0.09,-0.07,-0.11,0.04,-0.04,-0.18,0.04,-0.22,0.26,0.13,-0.02,
817.79,0.36,0.11,0.02,0.00,-0.09,0.00,-0.13,-0.05,-0.15,0.31,0.11,-0.04,
818.20,0.25,0.09,0.04,0.07,-0.07,0.11,-0.07,-0.04,0.05,0.25,0.07,-0.05,
818.61,0.23,0.16,0.13,0.11,-0.09,0.14,-0.07,-0.05,0.04,0.22,0.22,-0.02,
819.01,0.22,0.22,0.20,0.16,-0.14,0.14,-0.02,0.09,0.04,0.34,0.25,-0.02,
819.42,0.20,0.21,0.14,0.14,-0.09,0.18,0.14,0.16,0.04,0.21,0.23,-0.04,
819.83,0.25,0.21,0.09,0.04,-0.05,0.16,0.07,0.20,0.09,0.16,0.23,-0.04,
820.23,0.28,0.20,0.09,-0.09,-0.07,0.05,0.00,0.18,0.07,0.23,0.11,0.02,
820.64,0.35,0.19,0.14,-0.07,0.05,0.07,0.04,0.12,-0.05,0.23,0.12,-0.05,
821.04,0.28,0.18,-0.02,0.04,0.12,0.12,-0.04,0.07,-0.05,0.12,0.19,-0.11,
821.45,0.18,0.18,-0.05,-0.05,0.09,0.12,0.02,-0.04,0.07,0.00,0.21,-0.05,
821.86,0.24,0.14,0.12,-0.07,0.03,0.03,0.07,0.03,0.02,-0.05,0.14,0.00,
822.26,0.35,0.07,0.09,0.00,0.10,-0.05,0.02,0.03,0.03,-0.10,0.10,0.03,
822.67,0.45,0.16,0.07,-0.07,0.16,-0.12,-0.10,0.02,0.05,-0.16,0.23,-0.02,
823.07,0.38,0.17,0.10,-0.09,0.05,-0.16,-0.17,0.10,0.05,-0.12,0.21,0.00,
823.48,0.27,0.10,0.14,-0.02,0.10,-0.10,-0.07,0.05,0.17,-0.10,0.03,0.07,
823.89,0.17,0.15,0.17,0.03,0.15,-0.03,-0.07,0.03,0.19,-0.15,0.14,-0.02,
824.29,0.14,0.14,0.15,0.02,0.09,-0.03,-0.10,0.09,0.12,-0.10,0.19,0.09,
824.70,0.05,0.12,0.08,-0.05,0.10,-0.02,0.03,0.17,0.10,-0.19,0.08,0.10,
825.10,0.15,0.12,0.03,-0.13,0.13,0.00,-0.03,0.19,0.03,-0.32,0.02,0.10,
825.51,0.27,0.07,0.00,-0.22,0.15,-0.03,-0.22,0.13,0.07,-0.25,-0.02,0.10,
825.91,0.33,0.08,0.02,-0.23,0.18,-0.13,-0.25,0.03,-0.02,-0.18,-0.10,0.07,
826.32,0.27,0.08,-0.07,-0.08,0.23,-0.07,-0.28,-0.05,-0.03,-0.17,-0.13,-0.02,
826.73,0.18,0.05,-0.05,-0.05,0.17,-0.02,-0.30,-0.10,0.07,-0.22,-0.07,0.00,
827.13,0.15,0.00,0.10,-0.08,0.07,-0.08,-0.23,-0.05,0.03,-0.13,-0.02,0.02,
827.54,0.18,-0.03,0.10,-0.02,0.03,-0.13,-0.21,0.03,0.03,-0.13,-0.08,0.11,
827.94,0.23,0.07,0.07,-0.03,0.03,-0.11,-0.18,0.03,0.03,-0.21,0.00,0.03,
828.35,0.23,0.11,0.03,-0.07,-0.07,-0.13,-0.16,0.15,0.03,-0.15,0.02,0.03,
828.75,0.11,0.10,0.08,-0.06,-0.08,-0.06,-0.11,0.06,0.10,-0.05,-0.13,0.13,
829.16,0.10,0.11,0.11,0.02,0.05,0.05,-0.05,-0.05,0.06,-0.03,-0.08,-0.02,
829.57,0.06,0.08,0.02,0.03,0.02,0.10,-0.14,0.02,0.05,-0.02,0.00,-0.06,
829.97,0.02,0.10,-0.02,0.00,-0.03,0.08,-0.05,0.03,-0.02,0.00,0.00,0.03,
830.38,0.05,0.03,-0.03,-0.03,-0.02,0.11,-0.05,0.05,-0.05,-0.08,-0.08,0.02,
830.78,0.13,-0.08,0.00,-0.11,0.08,0.05,-0.19,0.00,-0.03,-0.03,-0.10,0.05,
831.19,0.19,-0.08,0.03,-0.14,0.06,-0.08,-0.24,-0.03,-0.03,0.03,-0.10,0.05,
831.59,0.16,-0.09,0.00,-0.08,0.03,0.00,-0.22,-0.11,-0.06,0.08,-0.09,0.02,
832.00,0.06,-0.08,0.02,-0.05,0.05,0.11,-0.16,-0.19,0.00,0.02,-0.06,0.02,
832.40,0.05,-0.06,0.09,-0.06,-0.02,0.05,-0.11,-0.17,0.02,0.02,0.05,0.03,
832.81,0.11,0.00,0.11,-0.05,-0.03,0.03,-0.02,-0.13,-0.02,0.09,0.02,0.09,
833.21,0.17,0.08,0.05,0.00,0.00,0.12,0.00,-0.05,-0.02,-0.06,0.03,0.08,
833.62,0.19,0.12,0.08,-0.05,-0.06,0.14,-0.11,0.02,0.02,-0.03,0.02,0.08,
834.02,0.17,0.09,0.08,-0.15,-0.09,0.17,-0.09,-0.03,0.06,0.09,-0.11,0.17,
834.43,0.18,0.09,0.08,-0.12,0.03,0.20,-0.08,-0.06,0.02,0.09,-0.14,0.05,
834.83,0.14,0.08,0.02,-0.05,0.03,0.23,-0.14,-0.08,-0.05,0.05,-0.08,-0.02,
835.24,0.08,0.08,-0.03,-0.14,-0.05,0.17,-0.09,-0.15,-0.06,0.00,-0.11,0.06,
835.64,0.09,0.09,0.03,-0.15,-0.05,0.15,0.06,-0.11,-0.11,-0.08,-0.15,0.08,
836.05,0.20,0.03,0.03,-0.12,0.05,0.11,0.00,-0.11,-0.12,-0.11,-0.21,0.05,
836.45,0.26,0.15,0.09,-0.14,0.08,0.00,-0.06,-0.17,-0.12,-0.06,-0.08,0.02,
836.86,0.27,0.20,0.03,-0.08,-0.06,0.02,0.00,-0.14,-0.14,0.03,-0.09,-0.02,
837.26,0.16,0.22,0.04,0.04,-0.04,0.12,0.04,-0.21,-0.06,0.01,-0.03,0.01,
837.67,0.15,0.24,0.18,0.10,-0.04,0.04,0.03,-0.19,-0.07,-0.03,0.04,0.00,
838.07,0.15,0.24,0.22,0.10,-0.07,0.04,0.04,-0.09,-0.09,0.06,0.10,0.03,
838.48,0.16,0.28,0.24,0.09,-0.07,0.10,0.13,0.04,-0.12,-0.03,0.06,0.13,
838.88,0.19,0.26,0.21,0.04,-0.10,0.06,0.03,0.10,-0.06,-0.10,0.06,0.10,
839.29,0.18,0.21,0.22,-0.10,-0.07,-0.01,-0.01,0.01,-0.04,-0.01,-0.07,0.10,
839.69,0.25,0.22,0.22,-0.13,0.04,0.03,0.04,0.01,-0.19,0.04,-0.10,0.04,
840.10,0.17,0.22,0.15,0.01,0.01,0.01,-0.01,0.00,-0.22,0.01,-0.01,-0.01,
840.50,0.13,0.23,0.13,-0.01,-0.03,0.03,0.03,-0.13,-0.20,-0.01,0.00,0.03,
840.91,0.13,0.16,0.16,-0.03,0.01,0.00,0.09,-0.06,-0.22,0.03,-0.01,0.04,
841.31,0.22,0.12,0.19,-0.01,0.01,-0.01,0.12,0.04,-0.17,0.04,0.00,0.09,
841.72,0.26,0.13,0.17,-0.03,-0.01,-0.09,0.01,0.04,-0.14,0.01,0.11,0.06,
842.12,0.27,0.16,0.20,-0.03,-0.07,-0.04,-0.01,0.11,-0.13,0.04,0.16,0.06,
842.53,0.20,0.14,0.19,-0.03,-0.06,0.01,0.03,0.13,-0.01,0.06,0.04,0.09,
842.93,0.17,0.14,0.26,0.01,-0.01,0.04,0.04,0.10,0.03,0.00,0.07,0.00,
843.34,0.14,0.11,0.13,-0.01,-0.04,0.06,0.04,0.11,0.01,-0.01,0.08,0.00,
843.74,0.06,0.13,0.07,-0.07,-0.01,0.11,0.20,0.17,0.00,0.00,0.06,0.06,
844.15,0.13,0.10,0.00,-0.10,-0.03,0.17,0.14,0.20,0.00,-0.06,-0.01,0.03,
844.55,0.14,-0.01,-0.08,-0.15,0.00,0.10,0.01,0.10,-0.01,-0.06,-0.03,-0.03,
844.95,0.14,0.03,-0.07,-0.15,0.08,0.03,0.04,0.03,-0.10,0.00,0.01,-0.04,
845.36,0.15,0.06,-0.10,-0.01,0.08,0.13,0.01,0.00,-0.08,-0.01,0.07,-0.07,
845.76,0.06,0.04,-0.10,0.03,0.06,0.11,0.00,-0.10,0.00,-0.07,0.12,-0.08,
846.17,0.06,0.03,0.00,0.03,0.08,0.08,0.04,-0.12,0.00,-0.11,0.17,-0.06,
846.57,0.08,0.04,0.04,0.10,0.07,0.07,0.01,0.03,0.00,-0.07,0.18,0.00,
846.98,0.19,0.18,0.05,0.11,0.05,0.12,-0.05,0.03,0.01,-0.22,0.26,-0.03,
847.38,0.16,0.18,0.03,0.07,0.00,0.08,-0.14,0.08,0.03,-0.22,0.25,-0.01,
847.79,0.12,0.16,0.05,0.03,0.00,0.14,-0.07,0.03,0.05,-0.15,0.10,0.05,
848.19,0.12,0.14,0.04,0.04,0.05,0.18,-0.09,-0.01,0.01,-0.12,0.09,-0.04,
848.59,0.07,0.08,-0.01,0.09,0.03,0.18,-0.16,-0.05,-0.01,-0.11,0.13,-0.01,
849.00,0.00,0.12,-0.07,0.01,-0.01,0.17,-0.09,-0.03,-0.05,-0.07,0.09,0.04,
849.40,0.05,0.07,0.00,-0.04,-0.01,0.15,-0.11,0.03,-0.09,-0.08,0.03,0.03,
849.81,0.16,0.00,0.00,-0.05,-0.01,0.07,-0.23,0.03,-0.09,-0.07,0.01,-0.01,
850.21,0.19,0.04,0.04,-0.08,0.04,-0.08,-0.25,-0.04,-0.11,-0.05,0.08,-0.04,
850.61,0.15,0.05,0.04,-0.04,-0.01,-0.07,-0.22,0.03,-0.12,0.03,0.07,-0.05,
851.02,0.13,0.01,0.03,0.03,-0.01,-0.01,-0.20,-0.04,0.00,-0.01,0.08,-0.08,
851.42,0.08,0.04,0.13,0.03,-0.03,-0.05,-0.18,0.00,0.01,-0.01,0.12,-0.09,
851.83,0.12,0.03,0.10,0.05,-0.07,-0.07,-0.13,0.09,0.03,0.03,0.07,-0.07,
852.23,0.21,0.08,0.10,0.09,-0.08,0.01,-0.14,0.14,0.01,-0.03,0.05,-0.08,
852.63,0.19,0.09,0.10,0.04,-0.09,0.00,-0.19,0.13,0.04,-0.05,0.04,-0.10,
853.04,0.14,0.08,0.09,-0.03,-0.12,-0.04,-0.21,0.09,0.06,0.13,-0.13,-0.03,
853.44,0.17,0.08,0.06,0.06,0.00,0.00,-0.15,0.04,-0.03,0.19,-0.13,-0.12,
853.85,0.13,0.09,0.03,0.13,-0.01,0.01,-0.24,0.03,-0.04,0.18,-0.08,-0.17,
854.25,0.06,0.10,-0.04,0.09,-0.03,-0.01,-0.18,-0.05,-0.04,0.14,-0.06,-0.13,
854.65,0.10,0.09,-0.01,0.04,-0.01,0.03,-0.08,0.03,-0.04,0.11,-0.10,-0.13,
855.06,0.23,0.01,0.01,0.09,0.06,-0.01,-0.15,0.04,-0.04,0.09,-0.08,-0.14,
855.46,0.28,0.10,0.03,0.08,0.08,-0.08,-0.18,-0.01,-0.03,0.08,0.01,-0.17,
855.86,0.19,0.13,-0.01,0.09,0.03,-0.05,-0.16,-0.03,0.00,0.09,0.03,-0.13,
856.27,0.11,0.11,0.01,0.13,0.04,0.06,-0.09,-0.03,0.09,0.11,-0.04,-0.01,
856.67,0.14,0.13,0.10,0.15,0.06,0.09,-0.09,-0.06,0.14,0.09,-0.03,-0.01,
857.08,0.14,0.11,0.01,0.13,0.00,0.11,-0.06,0.04,0.08,0.16,-0.05,0.00,
857.48,0.11,0.09,-0.04,0.14,0.03,0.15,-0.01,0.10,0.04,0.08,-0.08,0.03,
857.88,0.15,0.14,-0.03,0.10,0.01,0.14,-0.08,0.14,0.04,0.05,-0.08,0.03,
858.29,0.14,0.06,-0.08,-0.04,0.04,0.11,-0.09,0.10,0.05,0.08,-0.15,0.06,
858.69,0.18,0.03,-0.10,-0.04,0.16,0.11,-0.03,0.10,-0.03,0.13,-0.16,0.03,
859.09,0.14,-0.02,-0.11,0.01,0.21,0.16,-0.01,0.07,-0.05,0.05,-0.10,-0.05,
859.50,0.10,-0.02,-0.11,0.00,0.17,0.17,0.02,0.02,-0.01,-0.01,-0.09,0.00,
859.90,0.09,-0.04,-0.09,-0.06,0.16,0.12,0.07,0.06,0.00,-0.01,-0.05,0.04,
860.30,0.16,-0.06,-0.02,0.04,0.15,0.10,0.05,0.15,-0.02,-0.04,-0.09,0.05,
860.71,0.18,-0.02,0.00,0.02,0.14,0.05,-0.01,0.11,-0.02,-0.15,0.01,0.01,
861.11,0.17,0.04,-0.01,0.01,0.04,0.04,-0.02,0.14,0.02,-0.11,0.02,0.04,
861.51,0.07,0.04,-0.01,0.09,0.04,0.07,0.02,0.15,0.09,-0.11,-0.09,0.11,
861.92,0.11,0.02,0.06,0.11,0.05,0.11,0.01,0.11,0.10,-0.13,-0.10,0.09,
862.32,0.09,0.00,0.01,0.13,0.04,0.11,0.01,0.15,0.05,-0.11,-0.05,0.04,
862.72,-0.02,0.00,-0.05,0.08,0.05,0.13,0.11,0.16,0.05,-0.11,-0.06,0.04,
863.13,0.00,0.01,-0.04,0.06,0.06,0.12,0.06,0.17,0.06,-0.17,-0.08,0.04,
863.53,0.05,-0.02,-0.02,-0.02,0.07,0.06,0.02,0.13,0.06,-0.07,-0.11,0.01,
863.93,0.04,0.01,-0.01,-0.07,0.16,0.04,0.06,0.08,0.01,-0.01,-0.11,-0.02,
864.34,0.00,0.01,-0.02,0.00,0.13,0.02,0.04,0.06,0.02,0.06,-0.05,-0.05,
864.74,-0.06,0.01,-0.05,0.04,0.07,0.04,0.07,-0.01,0.10,0.04,-0.01,-0.02,
865.14,-0.10,0.00,0.05,0.02,0.01,0.00,0.08,-0.02,0.08,0.02,0.01,-0.01,
865.54,-0.07,0.01,0.06,0.02,0.02,-0.02,0.08,0.01,0.06,0.05,-0.04,-0.01,
865.95,0.00,0.05,0.05,0.06,0.06,-0.01,0.01,0.01,0.07,-0.05,0.00,-0.04,
866.35,-0.04,0.09,0.05,-0.02,0.02,-0.05,-0.04,0.06,0.14,-0.02,0.00,-0.02,
866.75,-0.06,0.09,0.07,-0.02,0.02,-0.04,0.01,0.01,0.12,0.08,-0.12,0.05,
867.16,-0.04,0.07,0.07,0.01,0.07,0.00,0.00,-0.04,0.09,0.12,-0.12,0.01,
867.56,-0.05,0.01,0.02,0.00,0.13,0.02,-0.01,-0.05,0.09,0.14,-0.07,0.01,
867.96,-0.09,0.05,-0.02,-0.02,0.12,-0.01,0.09,-0.04,0.04,0.15,-0.11,0.01,
868.36,-0.02,0.04,-0.02,-0.04,0.05,-0.02,0.08,-0.04,-0.05,0.12,-0.18,-0.02,
868.77,0.08,-0.05,0.00,-0.05,0.06,-0.07,-0.05,-0.02,-0.04,0.11,-0.15,-0.02,
869.17,0.09,0.01,0.05,-0.07,0.08,-0.16,-0.06,-0.07,-0.07,0.14,-0.08,-0.06,
869.57,0.06,-0.01,0.05,-0.06,0.02,-0.12,-0.08,-0.07,-0.08,0.20,-0.09,-0.07,
869.98,0.03,-0.02,0.05,-0.01,0.01,-0.09,-0.12,-0.14,0.02,0.16,-0.08,-0.06,
870.38,0.02,-0.03,0.13,0.02,-0.01,-0.07,-0.13,-0.15,0.01,0.13,-0.02,-0.02,
870.78,0.05,-0.02,0.16,-0.01,-0.05,-0.10,-0.13,-0.08,-0.02,0.10,-0.05,-0.01,
871.18,0.10,0.02,0.14,0.02,-0.02,-0.05,-0.14,0.02,-0.01,0.06,-0.01,-0.01,
871.59,0.13,0.02,0.15,-0.02,-0.09,-0.06,-0.23,0.06,-0.01,0.02,0.00,0.00,
871.99,0.14,-0.01,0.15,-0.14,-0.14,-0.05,-0.17,0.05,0.00,0.08,-0.07,0.02,
872.39,0.22,0.01,0.14,-0.08,-0.11,0.01,-0.11,-0.01,-0.13,0.16,-0.07,0.00,
872.79,0.19,-0.03,0.08,-0.03,-0.09,0.05,-0.15,-0.05,-0.11,0.17,-0.01,-0.03,
873.20,0.13,-0.02,0.06,-0.10,-0.11,0.02,-0.08,-0.08,-0.14,0.13,0.00,-0.03,
873.60,0.13,-0.03,0.09,-0.10,-0.17,0.01,-0.06,-0.01,-0.17,0.10,-0.02,-0.06,
874.00,0.19,-0.06,0.11,-0.07,-0.11,0.00,-0.15,-0.05,-0.13,0.08,-0.01,-0.03,
874.40,0.17,0.02,0.14,-0.11,-0.05,-0.09,-0.18,-0.10,-0.07,0.03,0.11,-0.03,
874.80,0.14,0.06,0.12,-0.12,-0.11,-0.08,-0.15,-0.07,-0.08,0.08,0.09,-0.05,
875.21,0.07,0.06,0.11,-0.07,-0.09,0.01,-0.14,-0.10,0.01,0.08,0.05,0.07,
875.61,0.09,0.05,0.17,-0.01,-0.09,0.03,-0.14,-0.12,0.03,0.00,0.08,0.08,
876.01,0.08,0.01,0.10,0.01,-0.10,0.06,-0.12,-0.07,0.00,0.05,0.08,0.10,
876.41,0.07,0.01,0.07,0.00,-0.07,0.06,-0.10,-0.01,-0.02,-0.01,0.02,0.10,
876.82,0.12,0.02,0.06,0.01,-0.07,0.09,-0.13,0.02,-0.01,-0.02,0.02,0.12,
877.22,0.10,-0.02,0.00,-0.10,-0.04,0.06,-0.12,0.00,-0.01,0.04,-0.09,0.13,
877.62,0.10,-0.03,-0.01,-0.09,0.03,0.08,-0.07,-0.01,-0.04,0.10,-0.08,0.09,
878.02,0.07,-0.07,-0.01,0.02,0.03,0.10,-0.13,-0.06,-0.07,0.13,-0.04,0.09,
878.42,-0.04,-0.09,-0.03,-0.02,0.04,0.09,-0.12,-0.09,0.01,0.07,-0.03,0.11,
878.82,-0.04,-0.07,0.02,-0.02,0.03,0.06,-0.08,-0.03,-0.01,0.01,0.01,0.10,
879.23,-0.02,-0.09,0.03,0.04,0.06,0.06,-0.11,0.06,-0.02,-0.01,0.01,0.11,
879.63,0.02,-0.01,0.03,-0.01,0.08,0.03,-0.15,0.05,-0.03,-0.09,0.03,0.07,
880.03,-0.01,0.02,0.02,-0.01,-0.02,-0.01,-0.13,0.12,-0.02,-0.01,0.07,0.07,
880.43,-0.03,0.01,0.05,0.02,-0.04,0.07,-0.08,0.10,0.03,0.04,0.00,0.16,
880.83,-0.02,-0.01,0.09,0.09,0.01,0.08,-0.07,0.05,0.00,0.01,-0.01,0.16,
881.24,-0.01,-0.04,0.03,0.10,-0.04,0.10,-0.03,0.05,-0.01,0.03,0.00,0.11,
881.64,-0.11,0.00,0.01,0.09,-0.03,0.09,0.03,0.11,-0.05,0.03,0.02,0.12,
882.04,-0.04,0.01,0.03,0.05,-0.06,0.08,0.02,0.14,-0.05,-0.02,0.00,0.10,
882.44,0.02,-0.08,0.01,0.00,-0.04,0.03,0.00,0.13,-0.03,0.01,-0.03,0.08,
882.84,0.00,0.01,0.03,-0.02,0.00,0.02,0.04,0.10,-0.05,0.05,-0.01,0.02,
883.24,-0.01,0.00,0.04,0.02,-0.02,0.02,0.01,0.05,-0.04,0.06,0.01,0.00,
883.65,-0.05,0.01,0.06,0.09,-0.04,0.02,0.02,-0.01,0.04,0.06,0.03,0.01,
884.05,-0.07,0.02,0.13,0.09,-0.02,-0.02,0.04,-0.02,0.05,0.05,0.04,-0.01,
884.45,-0.04,0.01,0.14,0.14,-0.01,-0.03,0.04,0.02,0.06,0.03,0.02,-0.02,
884.85,0.00,0.02,0.12,0.14,-0.02,0.00,0.02,0.04,0.11,-0.04,0.00,-0.02,
885.25,0.00,0.07,0.14,0.10,-0.05,-0.03,-0.02,0.03,0.15,0.03,-0.01,0.00,
885.65,-0.03,0.04,0.13,0.06,-0.07,-0.01,0.02,0.00,0.17,0.08,-0.07,0.06,
886.05,0.02,0.01,0.13,0.09,-0.02,0.07,0.03,-0.02,0.13,0.09,-0.08,0.04,
886.46,0.00,-0.03,0.05,0.11,-0.02,0.06,-0.01,-0.01,0.11,0.13,-0.08,0.00,
886.86,-0.05,0.00,0.02,0.06,-0.01,0.06,0.07,-0.03,0.08,0.09,-0.07,-0.03,
887.26,0.00,0.00,0.04,0.00,-0.01,0.07,0.03,0.02,0.02,0.04,-0.10,-0.04,
887.66,0.08,-0.05,0.03,0.02,0.00,0.03,-0.01,0.00,0.05,0.03,-0.13,-0.05,
888.06,0.06,0.03,0.03,-0.01,0.07,-0.05,-0.04,-0.02,0.05,0.06,-0.06,-0.07,
888.46,0.03,0.05,0.01,0.06,0.00,-0.02,-0.04,-0.03,0.02,0.14,-0.06,-0.08,
888.86,0.00,-0.02,0.00,0.13,-0.01,-0.01,-0.04,-0.10,0.08,0.10,-0.03,-0.06,
889.26,-0.02,0.01,0.08,0.13,0.00,-0.03,0.01,-0.09,0.09,0.06,-0.01,-0.06,
889.66,0.02,-0.02,0.06,0.09,-0.04,-0.05,0.02,-0.03,0.07,0.04,-0.01,-0.03,
890.07,0.06,0.02,0.04,0.10,-0.03,0.01,0.00,0.01,0.07,-0.02,0.00,0.00,
890.47,0.07,0.04,0.06,0.04,-0.07,-0.02,-0.05,0.04,0.07,-0.04,0.00,0.03,
890.87,0.06,0.03,0.06,-0.03,-0.06,-0.03,-0.01,0.02,0.03,0.06,-0.03,0.05,
891.27,0.10,0.01,0.02,-0.03,-0.02,0.01,-0.01,0.00,-0.02,0.09,-0.03,0.00,
891.67,0.08,0.00,-0.01,0.02,0.00,0.02,-0.07,-0.02,-0.01,0.09,0.02,-0.03,
892.07,0.00,0.01,-0.01,-0.02,-0.01,-0.02,-0.01,-0.08,0.02,0.04,0.02,-0.06,
892.47,0.03,0.03,0.07,-0.01,0.00,0.01,0.00,-0.03,-0.01,0.01,0.01,-0.06,
892.87,0.10,-0.02,0.06,0.03,0.01,-0.01,-0.08,-0.01,0.01,0.00,-0.02,-0.05,
893.27,0.11,0.02,0.07,0.01,0.05,-0.10,-0.09,-0.04,0.03,-0.05,0.01,-0.02,
893.67,0.07,0.07,0.02,-0.02,-0.01,-0.11,-0.08,0.01,0.03,0.02,0.02,-0.02,
894.07,0.06,0.04,0.05,0.03,-0.04,-0.03,-0.07,-0.02,0.10,0.00,0.00,0.05,
894.47,0.05,0.04,0.08,0.02,0.01,-0.05,-0.04,-0.02,0.13,-0.04,0.01,0.03,
894.87,0.03,0.02,0.05,-0.01,-0.03,-0.04,-0.02,0.08,0.10,-0.03,-0.01,0.05,
895.27,0.07,0.01,0.02,-0.03,0.00,0.02,0.00,0.14,0.06,-0.07,0.00,0.07,
895.67,0.08,0.04,-0.02,-0.07,-0.03,0.02,-0.03,0.12,0.02,-0.10,-0.02,0.09,
896.08,0.10,0.02,-0.05,-0.17,-0.06,-0.01,-0.04,0.14,0.04,-0.04,-0.10,0.09,
896.48,0.14,0.01,-0.08,-0.13,0.01,0.01,-0.04,0.09,-0.01,0.01,-0.09,0.02,
896.88,0.13,0.00,-0.11,-0.04,0.01,0.01,-0.11,0.03,0.01,0.02,-0.08,-0.01,
897.28,0.05,-0.01,-0.07,-0.02,0.03,0.00,-0.08,-0.05,0.06,-0.04,-0.12,0.03,
897.68,0.04,-0.04,0.02,-0.03,0.04,0.01,-0.05,-0.01,0.05,-0.07,-0.12,0.03,
898.08,0.08,-0.06,0.01,0.01,0.08,0.00,-0.06,0.03,0.05,-0.06,-0.11,0.07,
898.48,0.11,-0.03,0.00,-0.02,0.09,-0.05,-0.10,0.02,0.04,-0.13,-0.07,0.05,
898.88,0.09,0.02,0.01,-0.05,0.02,-0.08,-0.07,0.07,0.05,-0.09,-0.01,0.04,
899.28,0.06,0.01,0.02,-0.03,0.01,-0.01,-0.03,0.07,0.12,-0.05,-0.02,0.08,
899.68,0.09,-0.02,0.05,-0.01,0.03,0.05,-0.02,0.02,0.12,-0.06,-0.03,0.06,
900.08,0.05,-0.02,0.02,-0.02,0.04,0.03,-0.01,0.00,0.10,-0.03,-0.05,0.03,
900.48,0.05,0.02,0.04,-0.03,0.06,0.06,0.05,0.01,0.01,-0.06,-0.02,0.07,
900.88,0.11,0.05,0.06,-0.06,0.08,0.08,0.02,0.00,-0.02,-0.10,-0.07,0.08,
901.28,0.12,0.01,0.03,-0.07,0.05,0.04,-0.05,-0.01,0.00,-0.06,-0.12,0.07,
901.68,0.09,0.07,0.04,-0.09,0.12,0.01,-0.02,-0.03,-0.02,-0.03,-0.13,0.01,
902.08,0.06,0.04,0.05,-0.02,0.15,0.03,-0.03,-0.07,-0.04,-0.04,-0.09,0.00,
902.48,0.00,0.04,0.05,-0.03,0.14,0.06,0.04,-0.11,0.04,-0.03,-0.11,0.02,
902.88,-0.06,0.07,0.13,-0.04,0.12,0.01,0.11,-0.09,0.04,-0.08,-0.06,0.02,
903.28,0.00,0.11,0.12,-0.02,0.08,0.03,0.10,-0.01,-0.03,-0.09,-0.04,0.00,
903.68,0.09,0.15,0.06,0.00,0.08,0.06,0.08,0.02,-0.04,-0.14,-0.02,-0.01,
904.08,0.09,0.16,0.06,-0.02,0.01,0.03,0.03,0.05,-0.02,-0.12,0.02,0.00,
904.48,0.06,0.15,0.04,-0.06,-0.01,0.09,0.08,0.02,-0.02,-0.05,0.01,0.07,
904.88,0.11,0.12,0.05,0.00,0.04,0.16,0.05,-0.01,-0.09,-0.04,-0.04,0.00,
905.28,0.07,0.10,0.01,0.01,0.03,0.18,0.03,-0.04,-0.16,-0.01,-0.02,-0.03,
905.68,0.03,0.12,0.01,-0.01,0.03,0.15,0.08,-0.11,-0.19,-0.05,-0.02,-0.02,
906.07,0.09,0.07,0.05,0.00,-0.03,0.16,0.08,-0.03,-0.23,-0.09,-0.03,-0.02,
906.47,0.12,0.02,0.02,0.04,-0.02,0.14,-0.01,-0.04,-0.18,-0.07,-0.08,-0.05,
906.87,0.11,0.07,0.01,0.02,0.03,0.02,-0.05,-0.07,-0.19,-0.03,-0.03,-0.08,
907.27,0.11,0.09,0.04,0.03,0.00,0.03,-0.04,-0.11,-0.16,0.04,0.00,-0.09,
907.67,0.10,0.04,0.07,0.07,0.00,0.06,-0.06,-0.13,-0.05,0.03,0.00,-0.02,
908.07,0.08,0.07,0.09,0.06,-0.03,0.07,-0.02,-0.12,-0.02,0.03,0.01,-0.04,
908.47,0.11,0.07,0.14,0.05,-0.07,0.05,-0.05,-0.05,-0.05,0.03,0.01,-0.02,
908.87,0.17,0.06,0.08,0.06,-0.08,0.12,-0.08,0.01,-0.04,-0.03,0.02,0.00,
909.27,0.15,0.03,0.08,0.01,-0.12,0.10,-0.12,0.06,0.04,-0.05,0.00,0.03,
909.67,0.11,0.01,0.06,-0.06,-0.14,0.06,-0.11,0.03,0.03,0.02,0.00,0.06,
910.07,0.15,0.03,0.06,-0.06,-0.11,0.08,-0.09,-0.01,-0.03,0.04,-0.02,-0.01,
910.47,0.15,0.03,0.02,-0.02,-0.11,0.05,-0.13,-0.01,-0.01,0.06,-0.06,-0.03,
910.87,0.05,0.03,0.01,-0.07,-0.11,0.00,-0.07,-0.05,0.02,0.03,-0.06,0.00,
911.27,0.07,0.02,0.09,-0.09,-0.12,-0.03,-0.04,-0.01,0.03,0.01,-0.09,-0.02,
911.66,0.11,0.00,0.09,-0.05,-0.06,-0.07,-0.10,0.06,0.03,0.00,-0.14,0.00,
912.06,0.09,0.05,0.06,-0.09,0.02,-0.12,-0.14,0.03,0.05,-0.05,-0.08,-0.02,
912.46,0.05,0.07,0.04,-0.12,-0.06,-0.13,-0.13,0.07,0.06,-0.01,-0.05,-0.01,
912.86,0.03,0.03,0.08,-0.07,-0.08,-0.08,-0.10,0.02,0.12,-0.03,-0.06,0.07,
913.26,0.01,0.01,0.09,-0.05,-0.08,-0.06,-0.08,0.02,0.12,-0.07,-0.07,0.05,
913.66,0.01,0.03,0.04,-0.06,-0.08,-0.09,-0.05,0.08,0.07,-0.02,-0.05,0.06,
914.06,0.05,0.04,0.05,-0.04,-0.04,-0.07,-0.05,0.10,0.02,-0.06,-0.03,0.07,
914.46,0.08,0.03,0.01,-0.04,-0.03,-0.07,-0.07,0.11,0.02,-0.10,-0.01,0.05,
914.85,0.11,-0.04,-0.02,-0.09,-0.02,-0.11,-0.09,0.11,0.01,-0.04,-0.04,0.06,
915.25,0.12,0.00,0.00,-0.07,0.07,-0.11,-0.06,0.04,-0.11,0.02,-0.01,-0.01,
915.65,0.11,-0.03,-0.01,-0.01,0.07,-0.09,-0.10,0.03,-0.11,0.03,-0.02,-0.06,
916.05,0.05,-0.06,-0.02,-0.01,0.08,-0.05,-0.07,-0.02,-0.04,0.00,-0.03,-0.05,
916.45,0.02,-0.08,0.08,-0.02,0.09,-0.07,-0.05,-0.03,-0.03,-0.02,-0.02,-0.04,
916.85,0.08,-0.10,0.10,0.00,0.08,-0.06,-0.10,0.04,0.00,-0.08,-0.01,-0.03,
917.25,0.11,-0.05,0.08,0.02,0.11,-0.07,-0.14,0.06,0.02,-0.14,0.03,-0.02,
917.64,0.11,-0.05,0.10,0.00,0.07,-0.08,-0.11,0.09,0.05,-0.09,0.09,-0.03,
918.04,0.10,-0.05,0.10,0.01,0.05,-0.02,-0.07,0.09,0.08,-0.03,0.08,0.05,
918.44,0.14,-0.06,0.10,0.04,0.05,0.04,-0.08,0.06,0.09,-0.03,0.09,0.00,
918.84,0.12,-0.07,0.04,0.03,0.04,0.06,-0.06,0.09,0.07,-0.01,0.08,-0.04,
919.24,0.10,-0.07,0.02,0.01,0.08,0.07,-0.04,0.06,0.02,-0.01,0.12,-0.02,
919.64,0.15,-0.08,0.04,0.02,0.05,0.10,-0.10,0.05,-0.01,-0.03,0.10,-0.03,
920.03,0.14,-0.14,0.01,0.03,0.04,0.08,-0.10,0.04,-0.02,-0.04,0.02,-0.05,
920.43,0.11,-0.10,0.00,-0.02,0.11,0.03,-0.11,-0.02,-0.06,0.01,0.10,-0.07,
920.83,0.07,-0.10,0.00,0.04,0.11,0.08,-0.11,-0.06,-0.07,0.03,0.10,-0.09,
921.23,0.01,-0.09,0.00,0.04,0.09,0.11,-0.07,-0.10,0.08,-0.01,0.07,-0.03,
921.63,0.00,-0.07,0.06,0.03,0.10,0.10,-0.02,-0.08,0.09,-0.04,0.06,0.00,
922.02,0.01,-0.06,0.07,0.03,0.09,0.05,-0.03,-0.04,0.03,-0.04,0.05,0.04,
922.42,0.04,-0.02,0.03,0.06,0.07,0.07,-0.08,0.01,0.00,-0.06,0.06,0.02,
922.82,0.01,0.00,0.01,0.05,0.03,0.04,-0.10,0.05,0.03,-0.04,0.04,0.05,
923.22,-0.02,-0.01,-0.03,-0.01,0.01,0.07,-0.05,-0.01,0.01,0.02,0.06,0.09,
923.62,0.04,-0.04,-0.04,-0.01,0.03,0.10,-0.09,0.00,-0.03,0.05,0.03,0.04,
924.01,0.02,-0.03,-0.07,0.02,0.02,0.10,-0.12,-0.01,-0.06,0.05,-0.01,0.00,
924.41,-0.04,0.02,-0.06,-0.04,0.04,0.06,-0.04,-0.07,-0.08,0.03,-0.02,0.04,
924.81,0.01,0.01,-0.05,-0.03,0.04,0.08,-0.07,-0.02,-0.12,0.01,-0.02,0.02,
925.21,0.04,-0.03,-0.03,0.01,0.05,0.05,-0.12,-0.02,-0.10,-0.01,-0.09,0.00,
925.60,0.01,0.00,-0.02,-0.04,0.12,-0.04,-0.09,-0.03,-0.10,0.00,-0.02,-0.02,
926.00,-0.01,0.05,-0.03,-0.07,0.09,-0.03,-0.10,-0.04,-0.09,0.07,0.04,-0.03,
926.40,-0.05,0.02,0.01,-0.02,0.07,0.01,-0.10,-0.04,0.00,0.05,0.01,-0.03,
926.80,-0.05,0.03,0.04,-0.05,0.05,-0.02,-0.07,-0.05,0.00,0.03,-0.04,-0.04,
927.19,-0.03,0.00,0.01,-0.08,0.02,-0.05,-0.09,0.03,-0.06,0.02,-0.02,-0.07,
927.59,0.02,0.02,-0.02,-0.05,0.02,-0.01,-0.10,0.06,-0.08,-0.03,-0.03,-0.06,
927.99,0.01,0.03,-0.04,-0.06,0.00,0.00,-0.14,0.12,-0.05,-0.04,-0.01,-0.05,
928.39,0.02,0.01,-0.05,-0.14,-0.02,-0.01,-0.09,0.08,-0.04,0.02,-0.03,-0.02,
928.78,0.11,-0.01,-0.04,-0.13,0.04,0.02,-0.09,0.02,-0.10,0.07,-0.04,-0.10,
929.18,0.08,-0.02,-0.07,-0.09,0.02,0.03,-0.15,0.02,-0.08,0.08,-0.10,-0.10,
929.58,-0.01,-0.02,-0.08,-0.12,0.04,0.01,-0.06,-0.06,-0.08,0.04,-0.12,-0.06,
929.98,0.02,-0.05,-0.04,-0.13,-0.01,0.03,-0.02,-0.05,-0.09,0.02,-0.10,-0.06,
930.37,0.04,-0.09,-0.06,-0.08,0.05,0.01,-0.11,0.01,-0.10,-0.02,-0.11,-0.05,
930.77,0.04,-0.04,-0.04,-0.11,0.06,-0.10,-0.09,0.00,-0.09,-0.05,-0.07,-0.06,
931.17,0.00,0.01,-0.03,-0.14,-0.04,-0.08,-0.10,0.05,-0.09,-0.02,-0.01,-0.04,
931.56,-0.02,-0.01,-0.02,-0.11,-0.07,-0.04,-0.09,-0.01,-0.02,-0.03,-0.03,0.04,
931.96,-0.03,-0.03,0.00,-0.09,-0.07,-0.02,-0.09,0.02,-0.02,-0.08,-0.07,0.03,
932.36,-0.01,-0.04,-0.04,-0.10,-0.12,-0.05,-0.08,0.06,-0.06,-0.04,-0.10,0.08,
932.75,0.04,0.03,-0.03,-0.11,-0.11,0.00,-0.08,0.09,-0.09,-0.09,-0.04,0.12,
933.15,0.06,0.03,-0.02,-0.11,-0.10,0.03,-0.12,0.07,-0.10,-0.10,-0.06,0.14,
933.55,0.08,-0.02,-0.03,-0.15,-0.11,-0.02,-0.10,0.07,-0.08,-0.03,-0.08,0.15,
933.94,0.11,-0.01,0.01,-0.17,0.00,-0.01,-0.08,0.01,-0.16,0.03,-0.04,0.11,
934.34,0.10,-0.02,-0.03,-0.11,0.02,-0.01,-0.11,-0.03,-0.16,0.03,-0.08,0.09,
934.74,0.01,-0.03,-0.03,-0.15,0.04,-0.01,-0.03,-0.08,-0.11,0.00,-0.07,0.11,
935.13,-0.02,-0.03,0.05,-0.13,0.05,-0.02,0.02,-0.07,-0.14,0.01,-0.04,0.10,
935.53,0.02,-0.03,0.07,-0.11,0.07,-0.03,-0.08,-0.01,-0.14,-0.01,-0.02,0.13,
935.93,0.04,0.02,0.04,-0.11,0.11,-0.07,-0.13,0.01,-0.12,-0.06,-0.01,0.12,
936.32,0.03,0.07,0.07,-0.12,0.04,-0.10,-0.11,0.03,-0.08,0.02,0.02,0.12,
936.72,-0.01,0.04,0.08,-0.14,0.01,-0.02,-0.10,-0.03,-0.04,0.04,0.01,0.18,
937.12,-0.01,0.01,0.08,-0.11,0.07,0.04,-0.08,-0.05,-0.01,0.03,-0.01,0.20,
937.51,-0.01,0.01,0.03,-0.07,0.04,0.06,-0.05,-0.02,-0.01,0.09,-0.04,0.16,
937.91,-0.06,0.05,0.02,-0.11,0.08,0.06,0.02,-0.05,-0.01,0.05,0.03,0.14,
938.31,0.01,0.03,0.03,-0.12,0.09,0.10,-0.01,-0.02,-0.02,0.02,0.01,0.12,
938.70,0.01,-0.05,-0.01,-0.10,0.12,0.07,0.00,0.00,0.00,0.03,-0.05,0.10,
939.10,0.00,0.04,0.00,-0.12,0.20,-0.03,0.04,-0.03,-0.02,0.10,0.07,0.04,
939.49,-0.01,0.07,0.00,-0.10,0.19,0.01,-0.01,-0.09,-0.02,0.11,0.09,-0.01,
939.89,-0.06,0.06,0.01,-0.02,0.11,0.04,0.02,-0.10,0.12,0.07,0.02,-0.01,
940.29,-0.09,0.08,0.08,-0.02,0.11,0.02,0.07,-0.08,0.13,0.01,0.08,-0.01,
940.68,-0.03,0.10,0.07,0.01,0.10,0.03,0.02,0.00,0.14,-0.03,0.12,0.00,
941.08,0.08,0.12,0.03,0.02,0.07,0.07,-0.05,0.03,0.12,-0.11,0.12,-0.03,
941.47,0.08,0.15,-0.01,0.02,0.00,0.03,-0.03,0.08,0.14,-0.13,0.17,-0.05,
941.87,0.07,0.10,0.00,0.01,-0.03,0.05,0.01,0.03,0.14,-0.06,0.17,-0.03,
942.27,0.10,0.06,-0.01,0.05,0.01,0.10,0.06,0.00,0.09,-0.06,0.15,-0.06,
942.66,0.10,0.01,-0.08,0.07,0.05,0.10,0.05,0.00,0.09,-0.05,0.10,-0.07,
943.06,0.07,0.02,-0.09,0.02,0.05,0.05,0.13,-0.03,0.02,-0.07,0.14,-0.10,
943.45,0.09,-0.03,-0.06,0.00,0.06,0.03,0.09,0.05,-0.06,-0.10,0.10,-0.12,
943.85,0.16,-0.06,-0.05,0.01,0.05,0.00,0.05,0.03,-0.08,-0.10,-0.01,-0.09,
944.24,0.14,0.01,-0.03,0.01,0.14,-0.12,0.01,-0.03,-0.10,-0.08,0.05,-0.13,
944.64,0.09,0.05,0.00,0.00,0.03,-0.12,0.01,-0.06,-0.13,-0.01,0.07,-0.14,
945.04,0.06,0.00,0.01,0.05,-0.03,-0.07,-0.01,-0.09,0.00,-0.05,-0.01,-0.02,
945.43,0.03,0.00,0.05,0.08,-0.05,-0.08,0.02,-0.07,0.05,-0.12,0.00,-0.03,
945.83,0.06,-0.02,0.00,0.01,-0.07,-0.14,0.01,-0.01,-0.03,-0.12,-0.02,-0.02,
946.22,0.13,-0.03,0.00,0.05,-0.06,-0.06,-0.06,0.05,-0.09,-0.14,-0.03,-0.03,
946.62,0.12,-0.03,-0.02,0.02,-0.13,-0.09,-0.08,0.03,-0.08,-0.12,-0.07,0.01,
947.01,0.06,-0.14,-0.08,-0.03,-0.10,-0.15,-0.05,0.03,-0.06,-0.07,-0.07,0.03,
947.41,0.10,-0.10,-0.05,-0.05,-0.01,-0.13,-0.01,0.00,-0.09,0.00,-0.12,-0.02,
947.80,0.08,-0.14,-0.09,-0.02,0.00,-0.07,-0.09,-0.03,-0.11,0.03,-0.16,0.01,
948.20,-0.02,-0.14,-0.08,-0.02,-0.02,-0.06,-0.03,-0.09,-0.08,0.00,-0.17,0.03,
948.59,-0.02,-0.10,0.03,-0.06,-0.05,-0.07,-0.06,-0.02,-0.13,-0.03,-0.15,-0.01,
948.99,0.03,-0.11,0.03,-0.03,0.03,-0.06,-0.15,0.00,-0.14,-0.05,-0.22,0.03,
949.38,0.05,-0.03,0.02,-0.02,0.02,-0.15,-0.18,-0.06,-0.14,-0.10,-0.14,0.02,
949.78,0.05,-0.01,0.03,0.00,-0.03,-0.12,-0.21,0.01,-0.09,-0.05,-0.05,0.03,
950.17,0.00,-0.02,0.07,-0.01,-0.10,-0.07,-0.18,0.00,-0.03,-0.07,-0.08,0.14,
950.57,0.00,-0.03,0.03,0.02,-0.06,-0.03,-0.16,0.00,0.01,-0.08,-0.08,0.12,
950.96,0.00,-0.11,-0.01,0.01,-0.10,-0.04,-0.13,0.04,-0.06,-0.08,-0.09,0.09,
951.36,0.01,-0.07,-0.01,0.02,-0.09,-0.02,-0.09,0.09,-0.12,-0.07,-0.08,0.09,
951.75,0.01,-0.07,-0.01,0.03,-0.09,0.00,-0.13,0.11,-0.10,-0.08,-0.03,0.06,
952.15,-0.02,-0.11,-0.02,0.01,-0.12,-0.03,-0.10,0.09,-0.08,0.00,-0.08,0.03,
952.54,0.00,-0.01,-0.02,0.01,-0.01,-0.10,-0.08,0.06,-0.13,0.06,-0.01,-0.04,
952.94,-0.02,0.03,0.02,0.06,-0.01,-0.03,-0.13,0.01,-0.11,0.11,-0.02,-0.03,
953.33,-0.12,-0.01,-0.01,0.06,-0.06,-0.03,-0.07,-0.04,-0.04,0.10,-0.03,-0.01,
953.73,-0.12,0.02,0.09,0.04,-0.07,-0.09,0.01,0.00,-0.04,0.06,0.02,-0.08,
954.12,-0.04,0.05,0.11,0.02,-0.03,-0.13,-0.05,0.08,-0.07,0.04,0.03,-0.09,
954.51,0.00,0.07,0.07,0.04,-0.03,-0.14,-0.08,0.10,-0.03,0.00,0.03,-0.05,
954.91,-0.01,0.09,0.07,0.03,-0.12,-0.20,-0.03,0.13,0.02,0.10,0.10,-0.04,
955.30,-0.03,0.07,0.10,0.05,-0.08,-0.10,0.01,0.11,0.10,0.12,0.10,0.03,
955.70,0.00,0.03,0.07,0.05,-0.07,-0.07,0.02,0.09,0.10,0.14,0.07,0.03,
956.09,-0.02,-0.01,-0.02,0.05,-0.07,-0.04,0.07,0.13,0.08,0.20,0.04,-0.04,
956.49,-0.04,-0.01,-0.02,0.03,-0.06,-0.04,0.14,0.09,0.04,0.13,0.05,-0.05,
956.88,0.01,0.00,0.01,0.03,-0.02,-0.02,0.15,0.13,0.04,0.12,0.04,-0.08,
957.27,0.04,-0.06,-0.02,0.02,0.00,-0.03,0.08,0.11,0.06,0.18,0.00,-0.03,
957.67,0.05,0.02,0.01,-0.01,0.09,-0.10,0.09,0.03,0.00,0.21,0.05,-0.03,
958.06,0.04,0.02,0.00,0.00,0.12,-0.05,0.06,-0.03,0.01,0.19,0.08,-0.03,
958.46,0.03,-0.05,0.05,0.03,0.10,0.06,0.07,-0.07,0.13,0.16,0.02,0.07,
958.85,0.02,-0.07,0.12,0.03,0.09,0.02,0.13,-0.07,0.10,0.13,0.02,0.05,
959.24,0.09,-0.06,0.12,0.05,0.07,0.00,0.07,-0.04,0.04,0.06,0.02,0.06,
959.64,0.13,-0.07,0.09,0.06,0.09,0.04,0.02,0.00,0.02,0.00,0.03,0.10,
960.03,0.14,-0.09,0.07,0.07,0.01,-0.02,0.01,0.05,0.02,0.01,0.04,0.14,
960.42,0.12,-0.09,0.03,0.03,0.04,0.00,0.03,-0.01,0.02,0.04,0.02,0.17,
960.82,0.15,-0.10,0.00,0.02,0.05,0.09,0.02,-0.03,0.01,0.00,0.00,0.11,
961.21,0.12,-0.12,-0.02,0.02,0.04,0.06,-0.01,-0.02,-0.01,0.04,-0.04,0.07,
961.61,0.03,-0.10,-0.01,0.03,0.05,0.04,0.04,-0.10,-0.05,-0.01,-0.04,0.00,
962.00,0.08,-0.06,0.04,0.04,0.04,0.03,-0.01,-0.08,-0.08,-0.06,-0.04,0.01,
962.39,0.11,-0.08,0.06,0.03,0.06,0.02,-0.05,-0.03,-0.08,-0.01,-0.10,0.02,
962.79,0.12,-0.02,0.06,0.05,0.13,-0.05,-0.08,-0.08,-0.13,-0.03,-0.02,0.01,
963.18,0.11,-0.01,0.06,0.05,0.13,-0.04,-0.10,-0.13,-0.15,-0.01,0.01,-0.01,
963.57,0.06,-0.07,0.06,0.06,0.10,0.00,-0.07,-0.11,-0.03,-0.03,-0.01,0.07,
963.97,0.01,-0.10,0.10,0.11,0.06,-0.02,-0.03,-0.11,-0.01,-0.07,-0.02,0.09,
964.36,-0.01,-0.11,0.04,0.09,0.02,-0.06,0.01,-0.03,-0.07,-0.10,-0.03,0.01,
964.75,0.02,-0.10,0.01,0.05,0.02,0.00,-0.03,0.00,-0.11,-0.16,-0.02,0.02,
965.15,0.01,-0.10,-0.02,0.04,0.00,0.03,-0.06,0.03,-0.03,-0.14,0.03,0.04,
965.54,-0.02,-0.13,-0.04,0.02,-0.01,0.02,-0.01,0.01,0.00,-0.05,0.00,0.04,
965.93,0.01,-0.13,-0.02,0.01,0.07,0.07,-0.01,-0.06,-0.06,0.00,0.02,-0.05,
966.32,-0.04,-0.12,-0.03,0.04,0.08,0.12,-0.04,-0.08,-0.05,0.04,-0.01,-0.06,
966.72,-0.13,-0.15,-0.02,0.05,0.08,0.08,0.03,-0.15,-0.04,0.03,-0.01,-0.07,
967.11,-0.13,-0.14,0.06,0.03,0.08,0.11,0.04,-0.13,-0.13,0.00,0.02,-0.07,
967.50,-0.11,-0.16,0.04,0.03,0.11,0.11,-0.04,-0.07,-0.11,0.00,0.01,-0.03,
967.90,-0.11,-0.13,0.04,0.00,0.15,0.04,-0.05,-0.05,-0.10,-0.03,0.06,-0.04,
968.29,-0.12,-0.07,0.04,0.01,0.15,0.02,-0.10,-0.05,-0.10,-0.01,0.12,-0.02,
968.68,-0.15,-0.08,0.06,-0.01,0.12,0.08,-0.11,-0.11,-0.01,0.03,0.08,0.07,
969.07,-0.18,-0.10,0.10,-0.03,0.05,0.10,-0.08,-0.11,0.02,0.02,0.05,0.05,
969.47,-0.15,-0.05,0.06,-0.03,0.02,0.08,-0.08,-0.06,-0.01,0.03,0.02,0.02,
969.86,-0.16,0.01,0.05,-0.06,0.01,0.12,-0.06,-0.02,-0.08,0.05,0.07,0.02,
970.25,-0.11,0.02,0.04,-0.07,0.00,0.13,-0.17,0.04,-0.05,0.08,0.08,0.04,
970.64,-0.10,-0.01,0.03,-0.03,0.03,0.06,-0.14,0.01,-0.03,0.17,0.04,0.02,
971.04,-0.10,0.09,0.09,-0.04,0.15,0.02,-0.11,-0.03,-0.14,0.22,0.10,-0.05,
971.43,-0.12,0.09,0.10,0.01,0.17,0.03,-0.18,-0.06,-0.11,0.25,0.10,-0.06,
971.82,-0.16,0.12,0.10,0.02,0.16,0.07,-0.13,-0.09,0.00,0.20,0.06,-0.04,
972.21,-0.16,0.13,0.17,0.00,0.13,0.01,-0.09,-0.05,-0.01,0.14,0.05,-0.04,
972.61,-0.09,0.18,0.20,0.01,0.15,-0.05,-0.12,-0.01,0.00,0.12,0.06,0.00,
973.00,-0.02,0.18,0.15,-0.02,0.17,-0.06,-0.16,-0.02,0.06,0.05,0.03,-0.01,
973.39,0.03,0.24,0.16,-0.03,0.12,-0.09,-0.14,0.04,0.11,0.09,0.04,0.01,
973.78,0.01,0.17,0.14,-0.01,0.10,-0.03,-0.14,-0.06,0.17,0.13,0.04,0.06,
974.17,0.03,0.13,0.10,-0.02,0.08,0.01,-0.11,-0.08,0.17,0.13,0.03,0.08,
974.57,0.00,0.09,0.05,-0.04,0.04,-0.02,-0.09,-0.02,0.15,0.17,0.00,0.03,
974.96,-0.04,0.06,0.02,-0.04,0.04,-0.03,-0.03,-0.03,0.12,0.13,0.02,0.02,
975.35,0.01,0.02,0.02,-0.06,0.02,-0.01,-0.02,0.01,0.05,0.10,0.03,0.00,
975.74,0.08,-0.09,-0.01,-0.07,0.07,-0.07,-0.08,-0.02,0.08,0.13,-0.03,0.00,
976.13,0.11,-0.03,0.02,-0.07,0.13,-0.15,-0.04,-0.10,0.00,0.10,0.09,-0.02,
976.53,0.10,-0.01,0.00,-0.09,0.11,-0.11,-0.07,-0.11,0.01,0.09,0.12,-0.03,
976.92,0.07,-0.07,-0.02,-0.10,0.04,-0.08,-0.05,-0.14,0.11,0.04,0.03,-0.01,
977.31,0.02,-0.04,0.04,-0.14,0.01,-0.10,-0.01,-0.12,0.09,-0.01,0.02,0.00,
977.70,0.04,-0.07,-0.03,-0.17,0.00,-0.13,-0.03,-0.08,0.04,-0.07,0.03,0.02,
978.09,0.10,-0.07,-0.04,-0.15,0.01,-0.05,-0.07,-0.02,0.02,-0.07,0.09,-0.01,
978.48,0.13,-0.08,-0.09,-0.14,-0.05,-0.04,-0.11,0.02,0.01,-0.07,0.09,0.03,
978.87,0.11,-0.10,-0.09,-0.11,-0.10,-0.07,-0.08,-0.01,0.00,0.01,0.10,0.09,
979.27,0.10,-0.10,-0.07,-0.12,-0.08,0.00,-0.08,-0.07,-0.03,0.04,0.10,0.02,
979.66,0.07,-0.08,-0.11,-0.08,-0.09,0.01,-0.02,-0.05,-0.04,0.08,0.07,0.01,
980.05,0.00,-0.10,-0.10,-0.07,-0.08,0.00,0.05,-0.11,-0.09,0.02,0.03,-0.03,
980.44,0.05,-0.07,-0.05,-0.05,-0.05,0.02,0.02,-0.04,-0.13,-0.05,0.07,-0.04,
980.83,0.11,-0.05,-0.05,-0.07,-0.01,0.00,-0.04,-0.01,-0.14,-0.04,0.04,-0.02,
981.22,0.13,-0.01,-0.01,-0.04,0.09,-0.08,-0.09,-0.07,-0.14,-0.10,0.07,-0.03,
981.61,0.13,0.08,0.04,-0.06,0.11,-0.04,-0.11,-0.04,-0.13,-0.07,0.09,-0.04,
982.00,0.06,0.04,0.07,-0.08,0.08,0.04,-0.10,-0.08,-0.02,-0.06,0.01,0.03,
982.39,0.03,0.04,0.09,-0.07,0.06,0.03,-0.07,-0.06,0.00,-0.08,-0.03,0.04,
982.79,0.06,0.01,0.06,-0.08,0.04,0.06,-0.06,-0.01,-0.04,-0.08,-0.06,0.06,
983.18,0.13,0.04,0.01,-0.10,0.03,0.10,-0.08,0.02,-0.10,-0.09,-0.02,0.03,
983.57,0.15,0.03,0.02,-0.06,-0.03,0.13,-0.12,0.08,-0.08,-0.04,0.00,0.04,
983.96,0.15,-0.03,0.01,-0.03,-0.06,0.10,-0.10,0.06,-0.07,0.03,-0.04,0.07,
984.35,0.17,0.01,0.02,-0.04,0.06,0.10,-0.09,0.01,-0.11,0.08,0.06,-0.01,
984.74,0.11,-0.02,0.00,-0.06,0.08,0.15,-0.15,0.00,-0.10,0.10,0.01,-0.04,
985.13,0.07,-0.04,-0.01,-0.02,0.08,0.12,-0.04,-0.01,-0.07,0.07,0.02,-0.03,
985.52,0.08,-0.03,0.10,-0.06,0.08,0.10,-0.06,0.06,-0.11,-0.01,0.01,-0.06,
985.91,0.16,-0.01,0.11,-0.08,0.11,0.08,-0.18,0.12,-0.09,-0.06,0.03,-0.05,
986.30,0.17,0.01,0.11,-0.06,0.13,0.09,-0.19,0.09,-0.09,-0.11,0.01,-0.07,
986.69,0.16,0.07,0.12,-0.06,0.10,0.07,-0.17,0.09,-0.06,-0.07,0.03,-0.06,
987.08,0.08,0.04,0.11,-0.03,0.07,0.11,-0.15,0.06,0.01,-0.03,0.02,0.01,
987.47,0.06,0.02,0.07,-0.01,0.02,0.15,-0.11,0.07,0.03,-0.06,-0.01,-0.01,
987.86,0.06,0.01,0.00,0.02,-0.02,0.15,-0.08,0.11,-0.02,-0.01,-0.04,-0.04,
988.25,0.01,0.01,-0.01,0.02,0.00,0.11,-0.06,0.08,-0.08,-0.06,0.00,0.02,
988.64,0.04,0.01,0.01,0.06,-0.03,0.12,-0.10,0.15,-0.07,-0.06,0.01,0.04,
989.03,0.04,-0.06,0.01,0.04,-0.03,0.06,-0.08,0.13,-0.03,-0.02,-0.03,0.04,
989.42,0.07,0.00,0.07,0.04,0.10,0.04,-0.03,0.06,-0.12,0.03,0.02,-0.01,
989.81,0.03,0.01,0.04,0.02,0.08,0.06,-0.09,0.00,-0.08,0.02,0.02,-0.02,
990.20,-0.07,-0.01,0.04,0.00,0.02,0.03,-0.03,-0.03,0.06,0.01,-0.08,0.00,
990.59,-0.08,0.02,0.13,0.00,0.00,0.02,0.03,-0.03,-0.02,-0.02,-0.09,-0.01,
990.98,-0.02,0.07,0.08,-0.03,0.03,0.02,-0.03,-0.01,-0.07,-0.04,-0.10,0.00,
991.37,0.03,0.08,0.06,-0.06,0.08,0.06,-0.08,0.01,-0.07,-0.06,-0.12,0.01,
991.76,0.02,0.11,0.03,-0.07,0.01,0.03,-0.05,0.04,-0.05,-0.01,-0.11,0.02,
992.15,-0.01,0.04,-0.01,-0.05,0.00,0.02,-0.01,0.01,-0.02,0.05,-0.08,0.09,
992.54,0.00,0.04,-0.03,-0.09,0.01,0.08,-0.01,0.01,0.01,0.08,-0.08,0.05,
992.93,-0.02,0.03,-0.07,-0.12,-0.01,0.10,0.03,0.04,0.00,0.12,-0.07,0.03,
993.32,-0.06,0.02,-0.08,-0.12,-0.01,0.05,0.08,-0.01,-0.02,0.08,-0.05,0.04,
993.71,0.00,0.02,-0.06,-0.11,0.01,0.07,0.03,0.02,0.00,0.07,-0.05,0.01,
994.10,0.06,0.03,-0.06,-0.12,0.01,0.07,0.02,0.04,0.02,0.11,-0.09,-0.05,
994.49,0.06,0.06,-0.07,-0.15,0.09,0.01,0.02,-0.03,-0.03,0.08,-0.02,-0.10,
994.87,0.06,0.09,-0.09,-0.11,0.08,0.06,0.00,-0.07,-0.01,0.10,0.01,-0.10,
995.26,-0.01,0.05,-0.10,-0.13,0.03,0.03,0.04,-0.08,0.09,0.05,-0.06,-0.10,
995.65,-0.02,0.05,-0.03,-0.10,0.02,0.01,0.09,-0.04,0.08,0.00,-0.08,-0.07,
996.04,0.03,0.03,-0.06,-0.09,0.04,0.02,0.09,0.01,0.03,-0.04,-0.07,-0.05,
996.43,0.05,0.04,-0.09,-0.10,0.03,0.03,0.05,0.05,0.05,-0.06,-0.05,-0.05,
996.82,0.06,0.01,-0.08,-0.09,-0.04,-0.01,0.01,0.11,0.07,-0.05,-0.05,-0.03,
997.21,0.04,-0.05,-0.14,-0.06,-0.06,-0.02,0.03,0.07,0.08,-0.03,-0.02,-0.01,
997.60,0.07,-0.03,-0.13,-0.04,-0.03,-0.02,0.04,0.03,0.09,-0.01,0.00,-0.04,
997.99,0.04,-0.02,-0.11,-0.04,-0.03,-0.01,0.05,0.02,0.09,0.02,-0.02,-0.04,
998.38,0.00,-0.05,-0.10,-0.02,-0.07,-0.02,0.14,-0.02,0.10,-0.03,-0.05,-0.04,
998.76,0.02,-0.02,-0.08,-0.02,-0.08,-0.05,0.13,0.00,0.05,-0.05,-0.06,-0.02,
999.15,0.05,-0.01,-0.06,-0.02,-0.07,-0.03,0.05,0.04,0.02,-0.05,-0.08,0.01,
999.54,0.04,0.04,-0.05,-0.03,-0.04,-0.08,0.06,0.00,0.00,-0.09,-0.06,0.00,
999.93,0.04,0.07,-0.06,-0.02,-0.02,-0.08,0.04,-0.02,0.02,-0.07,-0.03,-0.01,
1000.32,0.02,0.05,-0.05,-0.03,-0.02,-0.04,0.05,-0.03,0.08,-0.05,-0.06,0.05,
1000.71,-0.01,0.04,0.00,-0.04,-0.02,-0.04,0.09,-0.01,0.11,-0.05,-0.08,0.04,
1001.09,-0.01,0.05,-0.02,-0.04,-0.02,-0.02,0.09,0.01,0.06,-0.06,-0.08,0.08,
1001.48,0.00,0.07,-0.08,-0.04,0.00,0.02,0.05,0.00,-0.01,-0.08,-0.04,0.08,
1001.87,-0.01,0.08,-0.06,-0.03,-0.03,0.03,0.02,0.04,-0.02,-0.05,-0.03,0.10,
1002.26,-0.01,0.05,-0.06,-0.02,-0.02,0.02,0.05,0.02,-0.01,-0.02,-0.05,0.12,
1002.65,0.02,0.11,-0.04,-0.02,0.02,0.05,0.08,-0.02,-0.02,0.01,-0.02,0.08,
1003.03,-0.01,0.14,-0.02,-0.02,0.01,0.07,0.05,-0.04,-0.02,0.06,-0.05,0.05,
1003.42,-0.06,0.11,0.00,-0.02,0.02,0.10,0.09,-0.08,0.01,0.03,-0.08,0.06,
1003.81,-0.08,0.14,0.03,-0.03,0.02,0.09,0.06,-0.07,-0.04,-0.02,-0.09,0.06,
1004.20,-0.03,0.15,0.02,-0.04,0.06,0.09,-0.06,-0.05,-0.07,-0.03,-0.07,0.06,
1004.59,0.00,0.14,0.04,-0.06,0.11,0.11,-0.08,-0.06,-0.05,-0.05,-0.05,-0.01,
1004.97,0.00,0.15,0.05,-0.06,0.07,0.07,-0.06,-0.06,-0.01,-0.04,-0.02,-0.01,
1005.36,-0.06,0.12,0.06,-0.06,0.06,0.12,-0.06,-0.07,0.06,-0.02,-0.01,0.06,
1005.75,-0.02,0.07,0.07,-0.08,0.03,0.18,-0.05,-0.06,0.08,-0.02,-0.06,0.01,
1006.14,-0.04,0.05,0.07,-0.04,-0.01,0.19,-0.05,-0.01,0.03,-0.03,-0.09,-0.01,
1006.52,-0.05,0.04,0.03,-0.06,0.00,0.14,-0.05,-0.02,-0.05,-0.07,-0.04,0.02,
1006.91,0.01,0.04,0.03,-0.05,-0.02,0.17,-0.13,0.02,0.01,-0.03,-0.03,0.00,
1007.30,0.05,-0.01,0.07,-0.05,-0.02,0.13,-0.13,0.04,0.04,0.02,-0.11,-0.01,
1007.69,0.08,0.00,0.10,-0.04,0.08,0.08,-0.12,-0.04,0.01,-0.03,-0.04,-0.09,
1008.07,0.09,0.03,0.06,-0.04,0.08,0.08,-0.19,-0.06,0.06,0.03,-0.04,-0.12,
1008.46,0.00,-0.02,0.08,-0.05,0.07,0.13,-0.16,-0.08,0.15,0.03,-0.08,-0.09,
1008.85,-0.01,-0.05,0.19,-0.06,0.06,0.08,-0.09,-0.06,0.14,-0.05,-0.06,-0.06,
1009.23,0.04,-0.08,0.07,-0.04,0.07,0.06,-0.15,0.00,0.07,-0.08,-0.04,-0.04,
1009.62,0.11,-0.07,0.05,-0.07,0.07,0.06,-0.16,0.02,0.07,-0.05,0.01,-0.06,
1010.01,0.10,-0.10,0.05,-0.02,0.02,0.07,-0.11,0.05,0.09,0.01,0.01,-0.01,
1010.40,0.05,-0.15,0.05,0.01,0.01,0.08,-0.11,0.00,0.10,-0.01,0.01,0.06,
1010.78,0.13,-0.13,0.01,0.01,0.03,0.11,-0.06,0.01,0.10,0.01,0.03,-0.04,
1011.17,0.12,-0.17,0.00,0.03,0.05,0.10,-0.05,0.08,0.05,0.08,-0.03,-0.09,
1011.56,-0.01,-0.17,-0.01,0.05,0.11,0.05,0.03,0.04,-0.01,0.00,0.00,-0.05,
1011.94,0.07,-0.15,-0.03,0.04,0.07,0.07,-0.03,0.05,-0.03,-0.01,0.00,-0.01,
1012.33,0.15,-0.14,-0.01,0.04,0.05,0.08,-0.05,0.11,0.00,0.03,-0.09,-0.04,
1012.72,0.11,-0.11,0.04,0.05,0.15,0.01,-0.01,0.04,-0.12,0.00,-0.05,-0.07,
1013.10,0.08,-0.04,0.00,0.04,0.14,0.06,-0.07,-0.04,-0.08,0.04,0.00,-0.08,
1013.49,0.04,-0.01,0.04,0.03,0.08,0.08,-0.03,0.00,0.06,0.10,-0.04,-0.07,
1013.87,-0.01,0.00,0.13,0.04,0.11,0.07,0.03,0.00,0.00,0.00,-0.06,-0.06,
1014.26,0.04,0.00,0.00,0.01,0.12,0.06,-0.01,0.01,-0.10,-0.06,-0.09,-0.03,
1014.65,0.12,0.04,-0.07,0.01,0.12,0.09,-0.04,0.04,-0.15,-0.06,-0.06,-0.04,
1015.03,0.13,0.06,0.01,0.00,0.04,0.10,-0.07,0.12,-0.13,0.00,-0.06,-0.06,
1015.42,0.10,-0.04,0.03,0.12,0.03,0.10,-0.06,0.04,-0.10,-0.01,-0.09,0.01,
1015.81,0.18,0.03,0.06,0.05,0.06,0.11,-0.09,0.03,-0.11,-0.02,-0.05,-0.11,
1016.19,0.18,0.05,0.03,0.08,0.05,0.14,-0.05,0.08,-0.05,0.08,-0.09,-0.14,
1016.58,0.02,-0.03,0.03,0.05,0.03,0.09,0.00,0.02,-0.08,0.06,-0.14,-0.06,
1016.96,0.03,0.02,0.05,0.02,-0.05,0.12,0.00,0.03,-0.12,-0.03,-0.12,-0.02,
1017.35,0.11,0.00,0.06,-0.06,-0.03,0.11,-0.11,0.09,-0.13,-0.03,-0.13,0.05,
1017.73,0.13,0.02,0.16,-0.05,0.10,0.08,-0.13,0.00,-0.13,-0.06,-0.06,-0.02,
1018.12,0.05,0.06,0.18,-0.03,0.10,0.08,-0.21,-0.05,-0.16,0.02,0.05,0.00,
1018.51,0.02,0.03,0.16,-0.03,0.08,0.15,-0.19,-0.06,-0.02,0.02,0.05,0.06,
1018.89,-0.02,0.00,0.21,-0.05,0.03,0.13,-0.11,-0.02,0.02,-0.08,0.05,0.00,
1019.28,0.00,-0.07,0.10,-0.05,0.00,0.13,-0.08,-0.02,-0.08,-0.13,0.00,0.07,
1019.66,0.03,-0.03,-0.02,-0.12,0.00,0.18,-0.15,0.03,-0.13,-0.15,0.10,0.08,
1020.05,0.10,-0.08,0.07,-0.07,-0.05,0.13,-0.22,0.13,-0.08,-0.12,0.12,0.03,
1020.43,0.03,-0.15,0.05,-0.05,-0.07,0.12,-0.22,0.07,-0.03,-0.08,0.02,0.07,
1020.82,0.09,-0.07,0.10,0.03,-0.05,0.05,-0.19,0.00,-0.05,-0.05,0.15,0.00,
1021.20,0.07,-0.03,0.03,-0.09,0.02,0.05,-0.26,-0.03,0.03,0.12,0.14,-0.09,
1021.59,-0.09,-0.09,0.03,-0.14,0.00,0.09,-0.16,-0.14,0.12,0.12,0.05,-0.05,
1021.97,-0.09,-0.02,0.09,-0.14,-0.02,0.02,-0.21,-0.14,-0.02,0.00,0.03,0.00,
1022.36,0.02,0.02,0.05,-0.18,0.07,0.04,-0.26,-0.04,-0.02,-0.02,0.04,0.04,
1022.74,0.07,-0.02,0.07,-0.19,0.16,0.00,-0.28,-0.05,-0.04,-0.04,0.07,-0.04,
1023.13,0.11,0.07,0.09,-0.11,0.02,-0.02,-0.30,-0.11,0.02,-0.02,0.12,-0.05,
1023.51,0.00,0.09,-0.02,-0.13,-0.04,-0.02,-0.23,-0.18,0.09,0.05,0.14,0.05,
1023.90,0.07,0.00,0.00,-0.11,-0.07,0.02,-0.16,-0.16,0.20,0.02,0.05,-0.11,
1024.28,0.05,-0.04,-0.05,-0.18,-0.13,0.00,-0.07,-0.05,0.15,-0.02,-0.05,-0.09,
1024.67,0.04,0.00,-0.16,-0.09,-0.09,-0.04,0.00,-0.04,0.00,-0.05,-0.04,-0.07,
1025.05,0.15,0.00,-0.11,-0.11,-0.15,-0.04,-0.13,0.06,-0.02,0.02,-0.02,-0.09,
1025.44,0.20,-0.09,-0.09,-0.11,-0.19,-0.09,-0.06,0.02,0.06,0.06,-0.13,-0.19,
1025.82,0.21,0.00,-0.06,-0.07,-0.02,-0.19,0.02,-0.11,-0.06,-0.02,0.02,-0.15,
1026.21,0.19,0.09,-0.09,-0.08,0.00,-0.13,-0.09,-0.15,-0.06,0.09,0.06,-0.23,
1026.59,0.09,0.06,-0.09,-0.17,0.09,-0.11,-0.08,-0.19,0.02,0.06,-0.04,-0.17,
1026.97,0.08,0.10,0.04,-0.15,0.11,-0.11,0.10,-0.15,-0.06,-0.17,-0.08,-0.17,
1027.36,0.19,0.12,-0.08,-0.08,0.10,-0.17,0.04,-0.06,-0.21,-0.29,-0.02,-0.13,
1027.74,0.29,0.12,-0.04,-0.10,0.14,-0.08,-0.04,0.04,-0.23,-0.23,0.02,-0.17,
1028.13,0.25,0.10,0.06,-0.10,0.00,-0.10,-0.08,0.06,-0.21,-0.16,0.02,-0.23,
1028.51,0.20,0.08,0.04,0.02,-0.02,-0.10,-0.06,-0.08,-0.18,-0.18,-0.02,-0.12,
1028.89,0.26,0.10,0.02,0.02,0.06,-0.06,0.00,0.00,-0.22,-0.08,-0.04,-0.24,
1029.28,0.28,0.06,0.10,0.02,0.12,-0.04,0.04,0.12,-0.24,-0.12,-0.16,-0.24,
1029.66,0.08,0.08,0.08,0.00,0.12,-0.06,0.14,0.10,-0.32,-0.16,-0.14,-0.16,
1030.05,0.18,0.10,0.08,0.02,0.18,-0.06,0.06,0.12,-0.37,-0.08,-0.08,-0.16,
1030.43,0.27,0.12,0.14,-0.08,0.16,-0.04,-0.10,0.14,-0.31,0.02,-0.19,-0.16,
1030.81,0.19,0.21,0.17,-0.08,0.33,-0.19,-0.10,0.00,-0.31,-0.12,-0.12,-0.21,
1031.20,0.15,0.23,0.21,-0.08,0.31,-0.17,-0.15,-0.13,-0.29,-0.02,-0.04,-0.15,
1031.58,0.04,0.15,0.21,-0.15,0.23,-0.08,-0.13,-0.15,-0.15,0.08,-0.11,-0.06,
1031.96,-0.04,0.13,0.28,-0.19,0.17,-0.06,-0.02,-0.04,-0.06,-0.09,-0.17,-0.11,
1032.35,0.00,0.06,0.15,-0.26,0.13,0.00,-0.04,-0.06,-0.15,-0.24,-0.19,-0.06,
1032.73,0.04,0.09,0.04,-0.24,0.02,0.04,-0.13,0.04,-0.19,-0.15,-0.15,0.02,
1033.11,0.04,0.07,0.11,-0.24,-0.02,0.07,-0.24,0.22,-0.13,-0.09,-0.20,0.00,
1033.50,-0.09,-0.13,0.15,-0.11,-0.07,0.00,-0.18,0.04,-0.02,-0.11,-0.26,0.11,
1033.88,0.07,-0.07,0.11,-0.11,-0.07,0.04,-0.13,-0.02,-0.02,-0.09,-0.07,0.09,
1034.26,-0.02,-0.11,0.02,-0.22,-0.11,0.07,-0.02,0.02,0.07,0.11,-0.13,-0.04,
1034.65,-0.29,-0.25,0.04,-0.25,-0.16,0.07,0.09,-0.13,0.11,0.00,-0.20,0.02,
1035.03,-0.18,-0.23,-0.07,-0.27,-0.20,0.05,0.02,-0.09,0.07,0.02,-0.14,0.02,
1035.41,0.00,-0.20,-0.18,-0.29,-0.14,0.02,-0.07,0.00,0.05,0.07,-0.11,0.07,
1035.79,-0.05,-0.18,-0.05,-0.32,-0.07,0.05,-0.09,-0.11,0.00,0.05,-0.05,-0.02,
1036.18,-0.11,-0.18,0.02,-0.32,-0.16,0.00,-0.14,-0.18,-0.02,0.07,0.07,0.02,
1036.56,-0.16,-0.19,0.00,-0.23,-0.16,0.09,-0.12,-0.23,0.09,0.19,0.07,0.23,
1036.94,-0.23,-0.14,0.02,-0.28,-0.14,0.19,-0.07,-0.14,0.19,0.14,0.02,0.07,
1037.32,-0.21,-0.16,-0.05,-0.31,-0.16,0.21,0.00,0.02,0.09,0.07,-0.07,0.00,
1037.71,-0.12,-0.19,-0.09,-0.21,-0.12,0.19,-0.05,0.07,-0.07,0.05,0.05,0.09,
1038.09,-0.02,-0.21,-0.05,-0.10,-0.19,0.21,-0.19,0.21,-0.05,0.24,0.00,0.14,
1038.47,0.00,-0.34,0.00,-0.10,-0.22,0.24,-0.14,0.10,0.05,0.29,-0.02,0.02,
1038.85,0.05,-0.24,0.05,-0.05,-0.02,0.17,-0.07,-0.10,-0.02,0.36,0.17,-0.02,
1039.24,0.05,-0.12,-0.10,-0.15,-0.02,0.17,-0.20,-0.17,0.02,0.59,0.17,-0.17,
1039.62,-0.20,-0.12,-0.10,-0.20,0.02,0.20,0.00,-0.22,0.17,0.57,0.05,-0.10,
1040.00,-0.17,-0.05,0.02,-0.27,0.02,0.17,-0.07,-0.17,0.05,0.35,0.02,0.00,
1040.38,0.03,0.00,-0.13,-0.33,0.13,0.10,-0.30,-0.05,-0.03,0.35,0.08,0.10,
1040.76,0.08,-0.03,-0.05,-0.41,0.18,0.13,-0.46,-0.15,-0.05,0.23,0.05,0.03,
1041.15,0.00,-0.03,0.13,-0.33,0.00,0.05,-0.49,-0.15,-0.08,0.28,0.03,0.08,
1041.53,-0.08,-0.08,0.08,-0.26,0.00,0.05,-0.49,-0.29,0.13,0.34,-0.03,0.31,
1041.91,0.03,-0.08,0.03,-0.24,0.08,0.08,-0.47,-0.32,0.26,0.34,-0.03,0.13,
1042.29,-0.05,-0.16,0.03,-0.35,0.03,0.08,-0.37,-0.24,0.16,0.27,-0.08,0.03,
1042.67,-0.03,-0.16,-0.11,-0.16,0.05,0.00,-0.19,-0.11,-0.03,0.19,-0.13,0.13,
1043.05,0.00,-0.19,-0.14,-0.08,-0.03,0.05,-0.38,-0.03,-0.03,0.30,-0.05,0.19,
1043.44,0.03,-0.25,-0.03,-0.16,0.08,0.05,-0.38,-0.08,0.08,0.36,-0.19,0.16,
1043.82,0.00,-0.06,0.00,-0.08,0.33,-0.22,-0.28,-0.19,-0.03,0.41,-0.03,0.03,
1044.20,-0.11,0.03,-0.14,-0.03,0.39,-0.25,-0.42,-0.17,0.00,0.61,0.03,0.03,
1044.58,-0.31,0.00,-0.08,-0.20,0.31,-0.11,-0.34,-0.28,0.25,0.56,-0.11,0.06,
1044.96,-0.43,-0.03,0.14,-0.20,0.26,-0.17,-0.20,-0.11,0.20,0.34,-0.20,0.03,
1045.34,-0.23,-0.06,-0.11,-0.11,0.26,-0.23,-0.31,-0.03,0.03,0.23,-0.14,0.00,
1045.72,-0.06,-0.09,-0.14,-0.09,0.32,-0.23,-0.49,0.00,0.00,0.17,-0.03,0.03,
1046.10,-0.17,-0.12,0.06,0.03,0.06,-0.20,-0.38,0.15,0.09,0.23,-0.06,-0.03,
1046.48,-0.32,-0.20,0.12,0.23,0.03,-0.20,-0.23,0.06,0.12,0.26,-0.18,0.12,
1046.87,-0.18,-0.12,0.03,0.18,0.03,-0.09,-0.12,0.09,0.24,0.18,0.06,0.00,
1047.25,-0.21,-0.15,0.03,0.12,-0.03,-0.03,-0.06,0.27,0.18,0.27,-0.03,-0.12,
1047.63,-0.33,-0.27,0.03,0.21,0.00,0.00,0.24,0.33,0.06,0.03,-0.15,-0.03,
1048.01,-0.15,-0.27,-0.03,0.24,-0.03,0.00,0.21,0.51,0.06,0.06,-0.09,0.03,
1048.39,-0.09,-0.27,0.00,-0.06,-0.03,-0.09,0.00,0.39,0.15,0.15,-0.03,0.03,
1048.77,-0.06,-0.15,0.18,-0.03,0.15,-0.21,-0.06,0.18,0.09,-0.03,-0.06,0.00,
1049.15,-0.09,-0.06,0.12,-0.12,0.12,-0.18,-0.18,0.03,0.12,0.12,0.09,0.00,
1049.53,-0.28,-0.15,0.06,-0.28,0.00,0.03,-0.15,-0.09,0.37,0.06,0.06,0.12,
1049.91,-0.34,-0.19,0.28,-0.34,-0.03,0.03,-0.09,-0.19,0.37,-0.25,-0.03,0.16,
1050.29,-0.19,-0.25,0.06,-0.28,-0.09,-0.06,-0.25,-0.03,0.22,-0.38,-0.13,0.28,
1050.67,-0.03,-0.16,-0.09,-0.25,0.00,0.03,-0.35,-0.06,0.09,-0.41,-0.03,0.35,
1051.05,-0.10,-0.22,0.10,-0.22,-0.06,0.10,-0.58,0.10,0.00,-0.42,-0.03,0.42,
1051.43,-0.13,-0.42,0.23,-0.03,-0.16,0.06,-0.45,0.00,0.19,-0.32,-0.26,0.42,
1051.81,0.13,-0.10,0.16,-0.03,-0.03,0.10,-0.33,-0.13,0.13,-0.16,0.03,0.33,
1052.19,0.07,-0.07,0.07,-0.20,0.00,0.03,-0.30,-0.20,0.20,0.13,0.10,0.16,
1052.57,-0.17,-0.13,0.10,-0.23,0.03,0.10,-0.13,-0.27,0.23,-0.03,-0.17,0.10,
1052.95,-0.10,-0.17,0.07,-0.23,0.07,0.03,-0.13,-0.20,0.07,-0.07,0.03,0.10,
1053.33,0.03,-0.14,-0.20,-0.37,0.14,-0.10,-0.34,-0.24,-0.03,-0.03,0.17,0.20,
1053.71,0.07,-0.07,-0.10,-0.34,0.24,-0.07,-0.51,-0.55,-0.03,-0.14,0.21,0.03,
1054.09,0.03,0.00,0.03,-0.17,0.00,-0.14,-0.66,-0.66,0.00,-0.10,0.24,0.03,
1054.47,0.00,-0.18,-0.07,-0.14,-0.04,0.00,-0.53,-0.63,0.18,0.11,0.25,0.18,
1054.85,-0.04,-0.21,-0.04,-0.14,-0.07,-0.07,-0.39,-0.53,0.28,-0.11,0.18,0.07,
1055.23,0.14,-0.32,-0.04,-0.18,-0.14,-0.07,-0.36,-0.40,0.14,-0.22,0.07,0.04,
1055.60,0.29,-0.29,-0.22,-0.15,-0.11,-0.07,-0.33,-0.07,-0.04,-0.18,0.18,0.07,
1055.98,0.37,-0.44,-0.18,-0.11,-0.18,-0.04,-0.37,0.07,0.00,-0.07,0.11,0.00,
1056.36,0.41,-0.60,-0.15,-0.11,-0.26,-0.22,-0.26,0.07,0.22,0.04,-0.04,0.00,
1056.74,0.60,-0.30,-0.11,-0.19,-0.04,-0.26,-0.04,-0.04,0.15,0.23,0.08,-0.19,
1057.12,0.53,-0.11,-0.34,-0.34,-0.04,-0.23,-0.27,-0.04,0.19,0.50,0.15,-0.34,
1057.50,0.12,-0.35,-0.39,-0.58,-0.04,-0.19,-0.08,-0.23,0.42,0.35,-0.08,-0.39,
1057.88,0.19,-0.43,-0.16,-0.55,-0.04,-0.39,-0.08,0.00,0.31,0.08,0.00,-0.31,
1058.26,0.39,-0.35,-0.47,-0.55,0.20,-0.47,-0.35,0.16,0.08,0.16,0.08,-0.24,
1058.64,0.52,-0.28,-0.40,-0.60,0.16,-0.40,-0.52,0.04,0.12,-0.12,0.00,-0.32,
1059.01,0.28,-0.16,-0.16,-0.52,-0.08,-0.40,-0.56,0.00,0.28,0.04,0.04,-0.20,
1059.39,0.12,-0.28,-0.16,-0.41,-0.08,-0.41,-0.45,0.04,0.32,0.24,-0.08,0.24,
1059.77,0.29,-0.33,-0.29,-0.53,0.00,-0.16,-0.25,0.16,0.37,0.33,-0.04,-0.04,
1060.15,0.17,-0.25,-0.37,-0.54,0.00,-0.33,-0.21,0.21,0.25,0.12,0.00,-0.04,
1060.53,0.08,-0.29,-0.37,-0.37,0.04,-0.33,0.08,0.29,0.04,0.04,-0.08,0.00,
1060.91,0.21,-0.29,-0.46,-0.38,-0.13,-0.34,-0.13,0.42,-0.04,0.08,0.04,0.13,
1061.28,0.30,-0.38,-0.34,-0.51,-0.13,-0.51,-0.13,0.25,-0.08,0.17,-0.17,0.04,
1061.66,0.26,-0.13,-0.13,-0.30,0.21,-0.81,0.04,-0.09,-0.26,0.13,0.21,0.04,
1062.04,0.17,0.13,-0.17,-0.26,0.26,-0.69,-0.13,-0.35,-0.17,0.26,0.39,-0.04,
1062.42,-0.17,0.00,-0.13,-0.43,0.26,-0.74,-0.04,-0.57,0.13,0.26,0.35,0.09,
1062.80,-0.26,-0.13,0.04,-0.48,0.26,-0.83,0.26,-0.44,0.22,-0.09,0.26,0.04,
1063.17,0.04,-0.22,-0.18,-0.44,0.35,-0.84,0.09,-0.27,-0.09,-0.31,0.22,0.13,
1063.55,0.36,0.00,-0.31,-0.54,0.36,-0.54,-0.22,-0.36,0.00,-0.49,0.31,0.27,
1063.93,0.41,-0.05,-0.09,-0.45,0.00,-0.68,-0.27,-0.23,0.09,-0.36,0.32,0.27,
1064.31,0.41,-0.09,-0.14,-0.05,-0.09,-0.59,-0.14,-0.41,0.14,-0.18,0.18,0.41,
1064.68,0.69,0.05,-0.09,-0.18,0.00,-0.37,-0.14,-0.23,0.05,-0.09,0.23,0.05,
1065.06,0.65,0.05,-0.23,-0.56,-0.14,-0.23,-0.09,0.05,0.14,0.14,0.19,-0.28,
1065.44,0.23,-0.05,-0.23,-0.47,-0.19,-0.28,0.19,0.05,0.14,-0.19,0.05,-0.14,
1065.82,0.47,-0.14,-0.09,-0.57,-0.28,-0.14,0.05,0.14,-0.09,-0.05,-0.05,-0.19,
1066.19,0.62,-0.14,-0.14,-0.86,-0.29,-0.19,-0.29,0.19,-0.10,0.14,-0.10,0.05,
1066.57,0.58,-0.05,0.05,-0.77,0.14,-0.39,-0.29,-0.05,-0.10,0.19,0.05,-0.14,
1066.95,0.34,0.15,0.05,-0.63,0.10,-0.39,-0.29,-0.20,0.00,0.44,0.29,-0.15,
1067.32,0.35,-0.10,0.05,-0.79,-0.10,0.05,-0.30,-0.25,0.35,0.59,0.10,-0.25,
1067.70,0.35,-0.30,0.05,-1.00,-0.05,0.15,-0.15,-0.10,0.30,0.30,-0.05,-0.35,
1068.08,0.40,-0.35,-0.25,-0.75,-0.10,0.25,-0.10,0.10,0.05,0.00,-0.10,-0.30,
1068.45,0.56,-0.10,-0.46,-0.71,-0.15,0.36,-0.46,0.10,-0.31,-0.10,0.15,-0.05,
1068.83,0.56,-0.21,-0.15,-0.56,-0.26,0.46,-0.62,0.41,-0.21,0.10,0.15,-0.10,
1069.21,0.42,-0.62,-0.16,-0.26,-0.21,0.31,-0.26,0.16,-0.16,0.21,-0.16,-0.10,
1069.58,0.58,-0.16,-0.11,-0.16,0.00,0.42,-0.16,-0.11,-0.26,0.32,0.21,-0.32,
1069.96,0.43,-0.21,-0.27,-0.53,-0.05,0.27,-0.43,0.05,-0.11,0.64,0.21,-0.59,
1070.34,-0.05,-0.43,-0.38,-0.54,-0.11,0.05,0.00,-0.11,0.11,0.43,0.11,-0.43,
1070.71,-0.16,-0.60,-0.27,-0.33,0.05,-0.11,-0.11,-0.16,-0.11,0.11,0.27,-0.16,
1071.09,0.38,-0.49,-0.55,-0.49,0.22,-0.22,-0.49,-0.38,-0.22,0.22,0.38,0.05,
1071.47,0.39,-0.39,-0.50,-0.55,0.44,-0.22,-0.44,-0.50,-0.06,0.06,0.44,-0.33,
1071.84,0.39,-0.22,-0.50,-0.22,0.17,-0.34,-0.50,-0.73,0.11,0.22,0.56,-0.56,
1072.22,0.34,-0.28,-0.57,-0.23,0.06,0.06,-0.23,-0.90,0.45,0.11,0.51,-0.06,
1072.59,0.40,-0.51,-0.34,-0.40,0.06,0.11,-0.23,-0.63,0.68,-0.06,0.23,-0.46,
1072.97,0.23,-0.52,-0.69,-0.57,0.17,-0.11,-0.17,-0.40,0.46,-0.34,0.06,-0.17,
1073.35,0.12,-0.46,-0.75,-0.35,0.23,-0.29,-0.17,-0.29,0.23,-0.52,0.12,0.06,
1073.72,0.41,-0.52,-0.70,-0.41,0.06,-0.17,-0.52,0.00,0.35,-0.47,0.06,0.06,
1074.10,0.47,-0.88,-0.53,-0.35,0.24,-0.29,-0.41,-0.18,0.59,-0.06,-0.29,-0.12,
1074.47,0.47,-0.42,-0.42,-0.30,0.65,-0.53,-0.42,-0.47,0.12,0.06,0.18,-0.18,
1074.85,0.36,-0.06,-0.72,-0.48,0.42,-0.30,-0.66,-0.48,0.30,0.60,0.24,-0.42,
1075.22,-0.18,-0.30,-0.72,-0.72,0.66,-0.24,-0.42,-0.84,0.78,0.36,-0.12,-0.18,
1075.60,-0.12,-0.30,-0.49,-0.67,0.91,-0.18,0.00,-0.55,0.55,0.12,-0.06,0.00,
1075.97,0.18,-0.31,-0.73,-0.67,1.22,-0.12,-0.43,-0.37,-0.06,0.06,-0.12,0.31,
1076.35,0.62,0.12,-0.62,-0.68,1.17,0.00,-0.62,-0.25,0.00,-0.18,-0.12,0.12,
1076.72,0.37,0.19,-0.31,-0.50,0.87,-0.12,-0.62,0.06,0.06,-0.12,0.00,0.19,
1077.10,0.25,0.31,-0.38,-0.06,0.69,-0.13,-0.50,-0.13,0.13,0.00,-0.06,0.56,
1077.47,0.38,0.32,-0.44,-0.38,0.82,0.06,-0.44,-0.06,0.13,-0.06,-0.06,0.19,
1077.85,0.19,0.38,-0.57,-0.38,0.76,-0.13,-0.45,0.45,-0.06,0.06,-0.06,-0.19,
1078.22,-0.13,0.58,-0.84,-0.13,0.64,-0.13,-0.13,0.71,-0.45,-0.26,-0.06,0.19,
1078.60,0.13,0.65,-0.52,0.00,0.58,-0.06,-0.52,0.97,-0.45,-0.19,0.00,0.19,
1078.97,0.52,0.46,-0.33,-0.26,0.59,-0.13,-0.52,0.98,-0.33,0.26,-0.07,-0.07,
1079.35,0.40,0.99,-0.13,0.07,0.99,-0.60,-0.40,0.80,-0.73,0.46,0.27,-0.27,
1079.72,0.13,1.27,-0.40,0.07,1.07,-0.40,-0.80,0.54,-0.74,0.60,0.60,-0.07,
1080.10,-0.07,0.95,-0.61,-0.20,0.75,-0.27,-0.54,0.34,-0.07,0.61,0.41,0.07,
1080.47,-0.21,0.68,-0.14,-0.34,0.89,-0.48,-0.27,0.68,0.00,-0.07,0.48,0.21,
1080.84,0.07,0.48,-0.48,-0.28,0.76,-0.76,-0.41,1.04,-0.48,-0.14,0.55,0.28,
1081.22,0.35,0.63,-0.70,-0.28,0.49,-0.63,-0.56,1.05,-0.42,-0.42,0.70,0.21,
1081.59,0.35,0.49,-0.28,-0.07,0.07,-0.71,-0.71,1.20,0.07,-0.21,0.64,0.21,
1081.97,0.14,-0.22,-0.22,0.43,-0.07,-1.00,-0.29,0.86,0.07,-0.14,0.57,0.22,
1082.34,0.36,-0.22,-0.07,0.51,0.22,-0.80,-0.29,0.58,0.07,0.07,0.36,-0.07,
1082.71,0.15,-0.29,-0.07,-0.07,0.22,-0.66,-0.22,0.88,0.07,-0.15,0.37,0.00,
1083.09,-0.37,-0.45,-0.22,-0.15,0.45,-0.60,0.37,1.04,0.00,-0.52,0.30,0.37,
1083.46,-0.38,-0.53,-0.15,-0.15,0.30,-0.60,0.00,1.06,-0.38,-0.60,0.45,0.45,
1083.83,-0.15,-0.84,-0.15,-0.53,0.46,-0.61,-0.46,0.84,-0.53,-0.15,0.31,0.61,
1084.21,0.00,-0.70,-0.23,-0.39,0.62,-1.00,-0.23,0.54,-0.46,0.00,0.62,0.31,
1084.58,-0.16,-0.47,-0.39,-0.23,0.63,-1.02,-0.23,0.16,-0.47,0.47,0.94,0.39,
1084.95,-0.32,-0.71,-0.40,-0.71,0.32,-0.63,-0.16,-0.08,0.16,0.40,0.63,0.95,
1085.33,-0.32,-0.96,-0.08,-0.88,0.16,-0.40,0.48,-0.08,0.64,-0.16,0.32,0.72,
1085.70,-0.08,-1.13,0.00,-0.89,0.16,-0.24,0.49,0.49,0.32,-0.57,0.00,0.89,
1086.07,0.00,-0.98,-0.41,-0.49,0.33,0.16,0.08,0.65,-0.16,-0.57,0.16,0.90,
1086.45,0.33,-1.07,-0.17,-0.25,-0.08,0.33,-0.17,1.07,-0.08,-0.41,-0.08,0.91,
1086.82,0.25,-1.42,0.25,0.17,0.00,0.08,-0.08,0.59,0.25,-0.17,-0.75,1.09,
1087.19,0.51,-0.85,0.34,0.25,0.42,-0.08,0.25,0.42,-0.34,-0.08,-0.17,0.59,
1087.57,0.51,-0.43,-0.09,-0.17,0.43,0.26,-0.17,0.34,0.00,0.51,-0.26,0.69,
1087.94,0.00,-0.35,-0.09,-0.52,0.26,0.35,0.43,0.17,0.61,-0.17,-0.35,0.86,
1088.31,-0.09,-0.52,0.00,-0.17,0.17,-0.17,0.26,0.35,0.44,-0.17,-0.35,0.70,
1088.68,0.35,-0.44,-0.26,-0.53,0.09,-0.18,-0.44,0.35,0.53,0.09,-0.26,0.88,
1089.06,0.98,-0.35,0.27,-0.62,0.62,0.27,-0.53,-0.18,0.62,-0.09,-0.27,0.80,
1089.43,0.99,0.18,0.36,-0.27,0.90,-0.18,-0.72,-0.36,1.08,-0.09,0.18,0.99,
1089.80,0.73,0.18,0.27,0.18,0.91,0.64,-0.82,-0.82,1.18,-0.18,0.00,1.73,
1090.17,0.73,0.09,0.55,-0.55,0.83,0.83,-0.73,-0.64,1.38,-1.01,-0.37,1.19,
1090.54,0.37,-0.09,0.56,-0.46,0.74,1.11,-0.56,-0.28,1.11,-1.39,-0.46,0.93,
1090.92,-0.09,0.09,0.28,-0.37,0.75,0.84,-0.75,0.37,0.66,-1.59,-0.19,1.12,
1091.29,0.09,0.09,0.19,-0.19,0.19,0.85,-1.13,0.57,0.57,-1.23,-0.47,0.66,
1091.66,0.57,-0.38,0.38,-0.29,0.00,0.76,-0.76,0.67,0.67,-0.86,-1.05,0.57,
1092.03,0.67,0.19,0.67,-0.10,0.96,0.38,-0.48,0.38,-0.10,-0.58,-0.48,0.29,
1092.40,0.48,0.39,0.19,-0.48,0.87,0.58,-0.78,0.29,-0.39,0.10,-0.10,-0.19,
1092.78,0.00,-0.10,0.29,-1.08,0.49,0.88,-0.49,-0.20,0.59,-0.10,-0.49,-0.10,
1093.15,-0.39,-0.39,0.79,-1.18,0.39,0.89,0.00,0.20,0.00,-0.39,-0.59,-0.30,
1093.52,0.00,-0.60,-0.20,-1.09,0.99,0.90,-0.80,0.40,-0.90,-0.20,-0.30,-0.40,
1093.89,0.80,-0.30,0.00,-1.41,1.11,1.41,-1.21,0.40,-1.01,-0.40,-0.40,-0.50,
1094.26,0.71,-0.41,0.41,-0.71,0.51,1.22,-1.32,0.81,-0.91,-0.20,-0.61,-0.51,
1094.63,0.21,-1.23,0.10,0.31,0.21,0.72,-0.92,0.92,-0.51,0.10,-0.62,0.00,
1095.00,0.73,-1.25,0.10,0.31,-0.31,1.04,-0.73,1.04,-0.52,0.00,-0.83,-0.83,
1095.37,0.42,-1.47,0.00,-0.32,-0.42,0.84,-0.42,1.37,-0.74,-0.11,-0.95,-1.05,
1095.75,-0.21,-1.59,-0.32,0.32,-0.32,0.42,-0.11,2.12,-0.74,0.00,-0.95,-0.42,
1096.12,0.75,-1.50,-0.32,0.64,-0.64,0.43,-0.86,2.25,-1.18,0.00,-1.29,-0.43,
1096.49,1.51,-1.62,-0.22,0.22,-0.43,0.32,-0.87,1.73,-1.30,0.32,-1.30,-0.22,
1096.86,1.31,-0.87,0.11,0.33,0.66,-0.22,-0.33,1.31,-1.75,0.87,-0.44,0.11,
1097.23,0.99,-0.22,0.33,0.33,0.44,-0.55,-0.88,0.66,-1.44,1.11,0.00,0.00,
1097.60,0.22,-0.45,0.22,-0.22,0.11,0.11,-0.56,-0.11,-0.56,1.23,-0.34,0.22,
1097.97,0.00,-0.68,0.79,-0.57,0.11,0.23,-0.23,0.57,-0.45,0.45,-0.45,0.45,
1098.34,0.00,-1.15,0.11,-0.57,0.34,0.46,-0.69,1.03,-1.15,0.00,-0.46,1.03,
1098.71,0.35,-0.58,-0.47,-0.23,0.35,0.81,-1.16,1.28,-1.16,-0.47,-0.47,1.28,
1099.08,0.24,-0.83,0.35,0.12,-0.59,0.71,-1.06,1.77,-1.06,-0.12,-0.71,1.30,
1099.45,-0.36,-1.67,0.48,1.07,-0.24,0.36,-0.36,1.31,-0.95,0.12,-0.48,1.79,
1099.82,0.00,-1.09,0.60,1.09,0.12,0.60,-0.24,0.97,-0.72,0.48,0.24,1.21,
1100.19,0.00,-0.61,0.61,0.00,0.00,1.23,0.00,0.74,-0.74,0.98,-0.12,0.74,
1100.56,-0.00,-0.00,0.00,-0.00,0.00,0.00,0.00,0.00,-0.00,0.00,-0.00,0.00,
1100.93,-0.00,-0.00,0.00,-0.00,0.00,0.00,0.00,0.00,-0.00,0.00,-0.00,0.00,
1101.30,-0.00,-0.00,0.00,-0.00,0.00,0.00,-0.00,0.00,-0.00,0.00,-0.00,0.00,
1101.67,-0.00,0.00,0.00,-0.00,0.00,0.00,0.00,0.00,-0.00,0.00,0.00,0.00,
1102.04,-0.00,0.00,0.00,-0.00,0.00,0.00,-0.00,0.00,-0.00,0.00,0.00,0.00,
1102.41,-0.00,0.00,0.00,-0.00,0.00,0.00,0.00,-0.00,-0.00,0.00,-0.00,0.00,
1102.78,-0.00,-0.00,0.00,-0.00,0.00,0.00,0.00,-0.00,-0.00,0.00,-0.00,0.00,
1103.15,-0.00,-0.00,0.00,-0.00,0.00,0.00,0.00,0.00,-0.00,0.00,-0.00,0.00,
1103.52,-0.00,0.00,-0.00,-0.00,0.00,0.00,-0.00,0.00,-0.00,0.00,0.00,0.00,
1103.88,-0.00,0.00,0.00,0.00,0.00,0.00,-0.00,0.00,-0.00,0.00,0.00,0.00,
1104.25,-0.00,-0.00,0.00,0.00,0.00,0.00,-0.00,0.00,-0.00,0.00,-0.00,0.00,
1104.62,-0.00,0.00,0.00,0.00,0.00,0.00,-0.00,-0.00,-0.00,0.00,0.00,0.00,
1104.99,-0.00,0.00,-0.00,-0.00,0.00,0.00,-0.00,-0.00,-0.00,0.00,0.00,0.00,
1105.36,-0.00,0.00,-0.00,-0.00,0.00,0.00,0.00,-0.00,-0.00,0.00,-0.00,0.00,
1105.73,-0.00,0.00,0.00,-0.00,0.00,0.00,-0.00,0.00,-0.00,0.00,-0.00,0.00,
1106.10,-0.00,0.00,-0.00,-0.00,0.00,0.00,-0.00,-0.00,-0.00,0.00,-0.00,0.00,
1106.47,-0.00,0.00,-0.00,-0.00,0.00,0.00,-0.00,-0.00,-0.00,-0.00,-0.00,0.00,
1106.83,-0.00,0.00,-0.00,-0.00,0.00,-0.00,-0.00,-0.00,-0.00,0.00,-0.00,0.00,
1107.20,-0.00,0.00,0.00,0.00,-0.00,-0.00,-0.00,-0.00,-0.00,0.00,-0.00,0.00,
1107.57,0.00,0.00,-0.00,-0.00,-0.00,0.00,-0.00,-0.00,0.00,0.00,-0.00,0.00,
1107.94,0.00,-0.00,-0.00,-0.00,-0.00,0.00,-0.00,-0.00,-0.00,-0.00,-0.00,0.00,
1108.31,-0.00,-0.00,-0.00,-0.00,-0.00,-0.00,-0.00,0.00,-0.00,-0.00,-0.00,0.00,
1108.67,0.00,-0.00,-0.00,-0.00,-0.00,-0.00,-0.00,0.00,-0.00,-0.00,-0.00,0.00,
1109.04,0.00,-0.00,-0.00,0.00,-0.00,-0.00,-0.00,0.00,0.00,-0.00,-0.00,0.00,
1109.41,0.00,-0.00,-0.00,0.00,-0.00,-0.00,-0.00,-0.00,-0.00,0.00,-0.00,0.00,
1109.78,0.00,-0.00,-0.00,-0.00,-0.00,-0.00,-0.00,-0.00,-0.00,0.00,0.00,0.00,
1110.15,-0.00,-0.00,-0.00,-0.00,-0.00,-0.00,0.00,-0.00,0.00,0.00,-0.00,0.00,
1110.51,-0.00,-0.00,0.00,-0.00,0.00,-0.00,0.00,-0.00,0.00,0.00,-0.00,0.00,
1110.88,-0.00,-0.00,-0.00,-0.00,0.00,-0.00,-0.00,-0.00,0.00,-0.00,-0.00,0.00,
1111.25,0.00,-0.00,-0.00,-0.00,0.00,-0.00,-0.00,-0.00,0.00,-0.00,-0.00,0.00,
1111.62,0.00,-0.00,0.00,-0.00,0.00,-0.00,-0.00,0.00,0.00,0.00,0.00,0.00,
1111.98,0.00,-0.00,0.00,0.00,0.00,-0.00,-0.00,-0.00,0.00,0.00,0.00,0.00,
1112.35,0.00,-0.00,0.00,-0.00,-0.00,-0.00,-0.00,0.00,0.00,0.00,0.00,0.00,
1112.72,0.00,-0.00,0.00,-0.00,-0.00,-0.00,-0.00,0.00,0.00,-0.00,0.00,0.00,
1113.08,-0.00,-0.00,-0.00,-0.00,0.00,-0.00,-0.00,0.00,0.00,-0.00,-0.00,0.00,
1113.45,-0.00,-0.00,0.00,-0.00,-0.00,-0.00,-0.00,0.00,0.00,-0.00,-0.00,0.00,
1113.82,-0.00,-0.00,0.00,-0.00,-0.00,-0.00,-0.00,0.00,0.00,0.00,-0.00,0.00,
1114.18,-0.00,-0.00,0.00,-0.00,0.00,-0.00,-0.00,0.00,0.00,0.00,-0.00,0.00,
1114.55,-0.00,0.00,0.00,-0.00,0.00,-0.00,-0.00,0.00,0.00,0.00,0.00,0.00,
1114.92,-0.00,0.00,0.00,-0.00,0.00,-0.00,-0.00,-0.00,0.00,0.00,-0.00,0.00,
1115.28,-0.00,0.00,0.00,-0.00,0.00,0.00,0.00,0.00,0.00,0.00,-0.00,0.00,
1115.65,-0.00,0.00,-0.00,-0.00,0.00,-0.00,-0.00,0.00,0.00,0.00,-0.00,0.00,
1116.02,0.00,0.00,-0.00,-0.00,0.00,0.00,-0.00,0.00,0.00,-0.00,0.00,0.00,
1116.38,0.00,0.00,-0.00,-0.00,0.00,0.00,-0.00,0.00,0.00,0.00,-0.00,0.00,
1116.75,0.00,-0.00,-0.00,-0.00,0.00,0.00,-0.00,0.00,0.00,0.00,-0.00,0.00,
1117.11,0.00,0.00,-0.00,-0.00,0.00,0.00,-0.00,0.00,0.00,0.00,-0.00,0.00,
1117.48,0.00,0.00,-0.00,-0.00,0.00,0.00,-0.00,0.00,0.00,-0.00,-0.00,-0.00,
1117.84,-0.00,-0.00,-0.00,-0.00,0.00,0.00,0.00,0.00,0.00,-0.00,-0.00,0.00,
1118.21,0.00,0.00,-0.00,-0.00,-0.00,0.00,-0.00,0.00,-0.00,-0.00,-0.00,0.00,
1118.58,0.00,0.00,-0.00,-0.00,0.00,0.00,-0.00,0.00,-0.00,0.00,-0.00,0.00,
1118.94,0.00,0.00,-0.00,-0.00,0.00,0.00,0.00,0.00,-0.00,0.00,-0.00,-0.00,
1119.31,-0.00,0.00,-0.00,-0.00,0.00,0.00,-0.00,0.00,-0.00,0.00,0.00,0.00,
1119.67,-0.00,0.00,-0.00,-0.00,0.00,0.00,-0.00,0.00,-0.00,0.00,-0.00,0.00,
1120.04,-0.00,-0.00,-0.00,-0.00,0.00,0.00,-0.00,0.00,-0.00,0.00,-0.00,0.00,
1120.40,0.00,-0.00,-0.00,-0.00,0.00,0.00,-0.00,0.00,-0.00,0.00,-0.00,0.00,
1120.77,0.00,-0.00,-0.00,-0.00,0.00,0.00,-0.00,0.00,-0.00,0.00,-0.00,0.00,
1121.13,0.00,-0.00,-0.00,-0.00,0.00,0.00,-0.00,0.00,-0.00,0.00,-0.00,0.00,
1121.50,-0.00,-0.00,-0.00,-0.00,0.00,0.00,-0.00,0.00,-0.00,0.00,-0.00,-0.00,
1121.86,-0.00,-0.00,0.00,-0.00,0.00,0.00,-0.00,0.00,-0.00,0.00,-0.00,0.00,
