Date,2016/06/29,2016/06/29,2016/06/29,2016/06/29,2016/06/29,2016/06/29,2016/06/29,2016/06/29,2016/06/29,2016/06/29,2016/06/29,2016/06/29,
Time,14:00:00,14:05:00,14:10:00,14:15:00,14:20:00,14:25:00,14:30:00,14:35:00,14:40:00,14:45:00,14:50:00,14:55:00,
Memo,EKO WISER,EKO WISER,EKO WISER,EKO WISER,EKO WISER,EKO WISER,EKO WISER,EKO WISER,EKO WISER,EKO WISER,EKO WISER,EKO WISER,
Sensor,MS-711,MS-711,MS-711,MS-711,MS-711,MS-711,MS-711,MS-711,MS-711,MS-711,MS-711,MS-711,
Exposure Time(msec),100,200,100,100,200,100,100,200,200,200,200,200,
Sensor Temp.(deg),24.8,24.8,24.8,24.8,24.7,24.8,24.7,24.9,24.9,24.8,24.8,24.8,
Power(V),5.9,5.9,5.9,5.9,5.9,5.9,5.9,5.9,5.9,5.9,5.9,5.9,
Wavelength(nm),Irradiance(W/m2/um),Irradiance(W/m2/um),Irradiance(W/m2/um),Irradiance(W/m2/um),Irradiance(W/m2/um),Irradiance(W/m2/um),Irradiance(W/m2/um),Irradiance(W/m2/um),Irradiance(W/m2/um),Irradiance(W/m2/um),Irradiance(W/m2/um),Irradiance(W/m2/um),
287.77,-0.00,0.00,0.00,0.00,0.00,0.00,0.00,0.00,0.00,0.00,0.00,0.00,
288.21,-0.00,0.00,0.00,0.00,0.00,0.00,0.00,0.00,0.00,0.00,0.00,0.00,
288.65,-0.00,-0.00,0.00,0.00,0.00,0.00,0.00,0.00,0.00,0.00,0.00,0.00,
289.08,0.00,0.00,0.00,0.00,0.00,0.00,0.00,0.00,0.00,0.00,0.00,0.00,
289.52,0.00,0.00,0.00,0.00,0.00,0.00,0.00,0.00,0.00,0.00,0.00,0.00,
289.95,0.00,0.00,0.00,0.00,0.00,0.00,0.00,0.00,0.00,0.00,0.00,0.00,
290.39,0.00,0.00,0.00,0.00,0.00,0.00,0.00,0.00,0.00,0.00,0.00,0.00,
290.82,0.00,0.00,0.00,0.00,0.00,0.00,0.00,0.00,0.00,0.00,0.00,0.00,
291.26,0.00,0.00,0.00,0.00,0.00,0.00,0.00,0.00,0.00,0.00,0.00,0.00,
291.69,0.00,0.00,0.00,0.00,0.00,0.00,0.00,0.00,0.00,0.00,0.00,0.00,
292.13,0.00,0.00,0.00,0.00,0.00,0.00,0.00,0.00,0.00,0.00,0.00,0.00,
292.56,0.00,0.00,0.00,0.00,0.00,0.00,0.00,0.00,0.00,0.00,0.00,0.00,
293.00,0.00,0.00,0.00,0.00,0.00,0.00,0.00,0.00,0.00,0.00,0.00,0.00,
293.43,0.00,0.00,0.00,0.00,0.00,0.00,0.00,0.00,0.00,0.00,0.00,0.00,
293.87,0.00,0.00,0.00,0.00,0.00,0.00,0.00,0.00,0.00,0.00,0.00,0.00,
294.30,0.00,0.00,0.00,0.00,0.00,0.00,0.00,0.00,0.00,0.00,0.00,0.00,
294.74,2.63,1.13,4.13,3.25,1.13,5.25,4.63,0.88,1.38,0.88,1.44,1.44,
295.17,3.12,1.56,5.00,3.37,1.19,5.99,4.37,1.44,1.31,0.69,1.50,1.81,
295.61,2.72,1.61,5.19,3.33,1.23,6.17,5.43,1.79,1.54,0.56,1.91,2.10,
296.04,3.05,1.77,5.00,3.30,0.85,6.47,5.86,1.71,2.01,0.55,2.32,2.38,
296.47,3.40,1.82,5.35,3.52,0.73,6.56,6.20,1.70,1.70,0.79,2.37,2.37,
296.91,3.49,1.99,6.26,3.73,1.20,6.87,6.63,2.11,1.93,1.02,2.71,2.29,
297.34,3.44,2.20,6.89,3.80,1.72,7.84,7.13,2.55,2.85,1.31,3.38,2.38,
297.78,3.38,2.83,7.59,4.34,1.81,9.04,7.96,2.53,3.31,1.57,3.92,2.47,
298.21,4.35,3.45,9.55,4.96,1.87,10.40,8.10,2.96,3.75,1.63,4.17,2.96,
298.65,5.14,3.88,10.28,5.50,2.63,11.36,9.80,3.88,4.12,2.27,4.90,3.71,
299.08,6.22,4.36,11.00,6.34,2.87,12.79,11.24,4.30,4.54,2.87,5.62,4.30,
299.51,7.33,5.04,12.49,7.57,3.00,15.37,12.61,4.92,5.22,3.24,6.24,5.16,
299.95,8.13,5.08,14.23,8.61,3.83,16.86,14.95,5.74,5.80,4.25,7.06,5.86,
300.38,9.36,5.74,16.11,9.47,4.56,18.47,16.93,6.69,6.75,5.03,7.64,6.51,
300.82,10.86,7.03,18.66,10.75,4.96,20.66,18.77,7.79,7.44,5.55,8.62,7.44,
301.25,11.54,8.33,21.18,12.38,5.59,23.09,21.54,8.75,8.39,6.37,10.29,8.39,
301.68,13.12,9.16,23.64,13.71,6.15,25.42,24.82,9.58,9.58,7.39,11.76,9.87,
302.12,14.68,10.16,26.07,15.38,6.81,28.41,28.18,10.33,10.33,8.57,13.21,10.98,
302.55,16.66,11.74,29.46,17.49,7.75,31.69,31.33,11.38,11.38,9.92,14.73,12.26,
302.99,18.48,12.90,32.65,19.64,8.95,35.56,34.40,12.67,12.90,11.10,16.79,13.77,
303.42,21.01,14.38,35.92,22.07,10.15,39.79,39.09,13.85,14.67,12.97,18.90,15.61,
303.85,24.28,16.21,41.02,24.64,11.20,44.32,42.55,15.44,16.21,14.38,20.45,17.45,
304.29,27.01,17.85,45.10,27.13,12.62,48.27,46.86,17.56,17.56,15.80,22.61,19.79,
304.72,29.42,19.27,48.46,29.77,13.72,52.78,51.73,19.09,19.09,17.34,24.81,22.01,
305.15,32.47,20.85,52.55,32.58,14.42,58.04,56.76,20.61,21.14,18.80,27.21,24.35,
305.59,35.05,22.34,57.22,35.40,15.67,61.98,61.63,22.28,22.40,20.37,29.36,26.35,
306.02,37.67,24.09,62.16,38.48,17.39,66.90,66.67,24.32,24.61,22.30,31.89,28.37,
306.46,40.65,26.37,67.60,41.46,18.89,72.67,71.29,26.37,26.78,23.96,34.90,30.58,
306.89,43.80,29.24,73.63,45.55,20.56,79.69,78.40,28.60,29.53,26.15,38.27,33.44,
307.32,48.18,31.75,80.70,49.70,22.28,86.54,85.26,30.99,32.34,28.42,41.93,36.72,
307.76,51.79,34.00,86.44,53.31,24.26,93.09,92.39,33.42,34.99,30.62,45.44,39.89,
308.19,56.09,37.10,92.54,57.37,26.11,100.60,99.32,35.93,37.62,33.18,49.02,43.06,
308.62,60.35,39.80,99.92,62.11,27.88,109.07,106.61,38.86,40.86,35.63,52.78,46.67,
309.06,64.71,42.00,106.60,66.12,30.30,116.13,114.48,41.77,43.95,38.71,56.48,49.95,
309.49,69.41,45.05,113.52,70.71,32.40,124.16,121.92,44.93,47.36,41.27,59.95,53.57,
309.92,73.46,47.97,121.02,75.00,34.36,131.66,129.06,48.09,50.28,43.41,63.52,56.90,
310.35,77.12,50.80,127.86,79.74,36.42,139.63,137.61,51.16,53.30,46.05,67.61,60.43,
310.79,81.11,53.32,134.32,83.25,38.12,146.43,145.36,53.74,56.53,48.51,71.49,63.89,
311.22,84.67,55.90,140.22,87.64,39.79,153.12,152.18,56.19,58.98,50.98,74.90,66.85,
311.65,88.81,59.29,148.34,92.51,42.20,161.20,160.01,59.23,62.03,53.99,79.11,70.24,
312.09,92.30,61.71,154.54,96.10,44.55,168.80,167.14,61.95,65.10,56.54,83.21,73.23,
312.52,96.78,64.90,161.97,100.72,46.77,176.80,176.09,64.84,68.42,59.57,87.62,76.86,
312.95,101.78,68.21,170.47,105.87,48.84,185.15,183.95,67.97,71.58,62.20,91.61,80.66,
313.38,106.24,71.03,177.51,110.34,51.31,192.82,192.10,71.51,74.71,65.00,95.93,84.53,
313.82,109.43,73.37,183.47,113.88,53.03,199.84,199.36,74.10,77.29,67.60,99.62,87.88,
314.25,113.16,75.96,189.97,118.22,54.41,207.42,206.58,76.80,80.24,69.94,103.05,91.37,
314.68,116.52,78.06,196.92,122.53,56.39,213.65,214.01,79.56,82.57,72.64,106.77,94.55,
315.12,120.06,80.38,202.79,126.07,58.47,219.96,220.80,82.06,85.30,75.10,109.86,97.31,
315.55,123.23,82.67,208.89,129.57,60.06,226.24,227.20,84.47,87.82,77.05,113.42,100.26,
315.98,127.00,85.93,217.57,134.59,62.17,235.54,236.62,87.32,91.18,80.14,118.07,104.08,
316.41,131.25,88.53,224.92,138.26,64.05,243.53,244.62,90.22,94.15,82.91,122.31,107.93,
316.85,134.66,90.63,230.77,141.64,65.70,250.04,251.49,92.14,96.54,85.39,125.74,110.99,
317.28,138.04,93.27,237.32,145.74,67.51,257.30,258.14,94.53,99.17,87.91,129.25,114.09,
317.71,141.93,95.79,244.34,149.64,69.64,265.43,264.95,97.17,102.11,90.66,133.14,117.65,
318.14,145.21,97.43,249.43,153.27,71.40,271.55,271.79,99.47,104.82,93.16,136.32,120.39,
318.57,149.41,99.65,256.39,157.10,72.96,278.39,277.79,101.87,107.52,95.20,138.95,123.39,
319.01,153.09,101.86,263.00,160.66,74.62,285.25,284.41,104.62,110.15,97.41,142.44,126.93,
319.44,156.11,103.78,268.60,164.17,76.13,291.56,291.80,106.96,112.73,99.63,145.90,130.15,
319.87,158.59,105.23,273.20,167.08,76.85,296.86,297.34,108.40,115.15,101.23,148.43,132.72,
320.30,162.12,106.97,279.09,170.22,78.32,302.80,303.75,110.66,117.21,103.27,151.40,135.44,
320.73,166.55,109.75,286.95,174.29,80.48,310.50,311.46,113.44,120.10,106.06,155.25,138.72,
321.17,169.97,112.13,293.45,177.89,82.38,318.06,318.41,115.80,123.19,108.40,159.09,141.82,
321.60,175.12,115.86,303.41,184.16,85.12,329.80,329.68,119.42,127.69,112.05,165.08,146.65,
322.03,181.70,120.12,315.35,190.64,88.05,341.34,340.75,123.28,132.16,115.71,170.97,151.77,
322.46,187.15,123.48,324.71,196.18,90.96,351.59,351.82,127.16,136.26,119.26,176.27,156.89,
322.89,192.28,126.99,333.63,201.86,93.36,361.17,361.76,130.36,139.99,122.73,181.23,161.44,
323.33,198.29,130.91,344.47,208.19,96.14,373.47,373.59,134.33,144.24,126.02,186.79,166.75,
323.76,204.06,134.13,354.62,214.27,99.16,383.72,385.25,138.23,148.03,129.96,192.09,171.44,
324.19,209.56,137.71,364.46,219.94,101.75,393.60,395.93,141.96,152.39,133.28,196.74,176.00,
324.62,214.94,141.33,374.56,225.48,104.29,404.08,405.93,145.73,156.43,136.18,201.92,180.68,
325.05,221.15,145.85,387.24,232.60,107.33,417.43,419.86,150.25,161.41,140.41,208.66,186.45,
325.48,226.65,149.53,397.32,238.49,109.88,428.36,431.35,153.90,165.85,144.13,214.12,191.48,
325.92,231.48,152.90,406.32,244.02,112.32,438.80,441.76,157.11,169.48,147.48,219.12,195.81,
326.35,237.12,156.96,417.51,250.17,115.21,450.19,453.25,160.94,173.30,151.35,224.58,200.47,
326.78,240.80,159.82,425.71,254.98,117.53,460.01,461.59,163.65,176.58,154.26,229.11,204.14,
327.21,244.27,162.31,433.12,259.58,119.73,468.55,469.78,166.16,179.91,157.28,233.32,207.51,
327.64,248.28,164.67,440.60,263.60,121.48,476.13,476.57,168.39,182.71,159.23,236.57,210.75,
328.07,251.16,166.45,446.14,266.25,123.05,481.83,482.27,170.58,184.52,161.00,238.99,213.32,
328.50,253.14,167.59,449.84,268.68,124.05,487.14,487.47,172.02,186.14,162.45,241.05,215.56,
328.93,254.26,168.15,452.37,269.97,123.99,490.31,490.63,172.81,187.06,163.00,242.12,216.70,
329.37,254.97,168.26,455.04,271.20,124.53,492.54,493.50,173.26,187.33,163.27,242.61,217.42,
329.80,255.67,168.55,457.31,272.08,125.01,494.82,495.67,173.71,188.10,164.02,243.31,217.94,
330.23,255.35,168.42,457.77,272.11,124.93,495.41,495.83,173.59,188.40,163.78,243.75,217.71,
330.66,255.86,169.45,461.37,274.15,125.51,499.42,499.53,174.24,189.53,164.62,245.66,218.86,
331.09,256.69,169.70,463.66,274.44,125.84,501.36,501.47,174.55,190.01,165.00,246.61,219.77,
331.52,256.19,169.40,463.16,274.07,125.61,501.21,501.83,174.05,189.61,164.74,246.47,219.54,
331.95,255.12,168.74,461.72,273.00,125.16,499.93,499.93,172.98,188.61,164.09,245.37,218.50,
332.38,254.43,168.15,461.69,271.93,124.99,499.84,499.03,172.40,187.99,163.54,244.81,218.14,
332.81,253.47,166.91,460.35,270.80,124.53,498.22,497.72,171.57,187.25,163.15,243.90,217.30,
333.24,252.76,166.08,459.43,269.71,123.90,496.10,496.00,170.59,186.50,162.11,242.25,216.43,
333.68,252.02,165.28,458.44,268.59,123.61,494.63,495.02,170.24,185.58,161.07,241.23,215.84,
334.11,252.01,165.22,459.36,268.55,123.38,495.65,496.33,170.23,185.55,160.98,241.26,215.91,
334.54,251.37,164.64,459.16,268.59,122.70,495.23,496.87,169.60,185.42,160.46,240.93,215.82,
334.97,251.12,164.20,459.51,268.30,122.28,494.64,496.82,169.09,184.75,160.07,240.48,215.47,
335.40,251.49,164.66,461.49,269.05,122.79,496.04,498.01,169.35,185.12,160.39,241.07,215.68,
335.83,251.64,164.92,463.49,269.73,123.27,498.46,499.76,169.74,185.83,160.88,242.41,216.02,
336.26,252.31,165.74,466.13,270.95,123.86,501.77,503.05,170.33,187.05,161.61,243.86,217.40,
336.69,254.09,166.74,470.57,272.80,124.27,505.27,506.00,171.15,187.82,162.20,245.05,218.71,
337.12,255.53,167.30,473.09,273.84,124.98,508.28,509.62,172.15,188.57,163.04,246.24,220.08,
337.55,257.00,168.14,476.37,275.38,125.53,512.05,513.21,172.76,189.49,164.06,247.46,221.40,
337.98,258.00,168.74,479.65,276.88,125.88,515.65,516.62,173.57,190.51,164.87,248.78,222.92,
338.41,259.34,169.27,483.12,278.82,126.80,519.64,520.77,174.62,191.40,165.97,250.26,224.22,
338.84,260.68,169.85,486.11,280.11,127.25,522.14,523.77,175.31,192.46,166.62,251.18,225.05,
339.27,261.47,170.46,488.69,281.10,127.72,524.47,526.08,175.86,193.11,166.76,252.12,225.86,
339.70,263.03,171.58,492.48,283.27,128.48,528.59,530.44,177.03,194.32,167.83,254.00,227.26,
340.13,264.37,172.42,495.74,284.88,128.79,532.25,534.43,177.78,195.66,168.61,255.62,228.65,
340.56,264.46,172.73,497.14,285.54,128.91,533.41,535.98,177.95,196.00,169.08,256.33,229.11,
340.99,264.55,172.95,498.50,285.53,129.11,534.28,536.75,177.81,195.90,169.25,256.45,229.10,
341.42,264.39,172.91,499.54,285.30,129.38,535.80,537.43,177.77,196.07,169.32,256.83,229.27,
341.85,263.92,172.56,499.46,285.01,129.08,535.96,538.07,177.26,196.00,169.47,256.75,228.89,
342.28,263.98,172.09,499.77,284.67,128.61,535.61,537.46,176.84,195.69,168.83,256.05,228.58,
342.71,263.72,171.67,499.63,284.19,128.34,535.12,536.64,176.71,194.98,168.31,255.41,228.19,
343.14,263.70,171.51,500.17,284.09,128.35,536.40,538.08,176.65,195.13,168.29,255.54,228.50,
343.57,263.08,171.11,500.34,284.08,127.82,536.78,538.76,176.26,195.11,167.82,255.36,228.19,
344.00,262.22,170.35,500.27,283.63,127.61,535.85,538.69,175.67,194.44,167.28,254.74,227.62,
344.43,262.16,170.25,501.04,283.55,127.71,536.62,539.44,175.70,194.46,167.16,254.52,227.45,
344.86,261.76,169.92,501.78,283.50,127.41,536.77,539.88,175.45,194.47,166.84,254.55,227.32,
345.29,261.74,170.36,503.96,284.43,127.72,539.02,542.13,175.60,195.08,167.09,255.21,227.61,
345.72,262.37,170.55,505.85,284.82,127.74,541.31,544.25,175.86,195.44,167.34,255.75,228.19,
346.15,262.96,170.91,508.43,285.86,128.01,543.97,547.44,176.16,196.16,167.83,256.80,229.24,
346.58,263.47,171.46,511.30,287.09,128.59,546.88,550.18,176.56,196.65,168.58,257.61,230.04,
347.01,264.75,172.19,514.93,288.47,129.36,551.31,553.83,177.30,197.63,169.37,259.10,231.49,
347.44,266.52,173.07,519.36,290.98,130.37,556.82,559.17,178.62,199.24,170.90,261.20,233.36,
347.87,268.34,174.21,523.90,293.27,131.15,561.15,563.57,179.65,200.72,171.83,262.67,234.91,
348.30,270.38,175.24,528.80,295.32,132.26,565.55,568.18,181.18,202.11,172.65,264.51,236.78,
348.73,272.78,176.92,534.54,298.20,133.35,571.73,574.88,182.88,204.02,174.18,267.19,239.26,
349.16,274.59,178.13,539.55,300.90,134.08,576.76,580.79,184.03,205.89,175.44,269.48,241.34,
349.59,276.04,179.13,543.90,302.80,134.82,581.15,585.54,185.04,206.90,176.53,271.32,242.88,
350.02,276.23,179.28,545.11,302.74,134.92,581.83,585.58,184.90,206.68,176.56,271.23,242.85,
350.44,278.43,180.80,550.20,305.35,136.07,588.10,591.39,186.36,208.42,178.10,273.78,244.85,
350.87,280.31,182.20,555.45,308.07,137.10,593.63,596.84,187.37,210.36,179.69,276.23,246.76,
351.30,283.23,183.60,561.24,310.45,137.99,598.98,601.45,188.71,211.86,180.73,278.44,248.73,
351.73,285.38,184.60,565.55,312.55,138.97,603.85,606.52,189.99,213.18,181.96,280.46,250.83,
352.16,287.09,185.74,570.28,315.22,139.83,608.87,611.40,191.04,214.67,183.29,282.58,252.61,
352.59,288.54,186.48,573.99,316.42,140.38,612.52,615.12,191.77,215.76,183.92,283.93,253.90,
353.02,288.65,186.15,574.87,316.51,140.52,613.50,616.30,191.72,215.56,183.89,284.13,253.94,
353.45,288.11,185.55,574.78,316.11,140.19,612.52,615.74,191.39,215.17,183.33,283.24,253.41,
353.88,287.31,184.82,574.26,315.21,139.58,610.74,614.75,190.83,214.54,182.49,282.34,252.59,
354.31,285.23,183.35,571.31,313.05,138.62,607.34,611.62,189.52,213.17,181.14,280.66,250.91,
354.73,282.70,181.77,566.97,310.57,136.98,603.51,607.78,187.82,211.39,179.46,278.51,249.18,
355.16,279.97,180.07,562.85,307.95,135.67,598.90,603.43,185.81,209.40,178.02,276.01,246.90,
355.59,277.60,178.67,559.58,305.41,134.57,594.94,599.24,184.07,207.53,176.70,273.86,244.79,
356.02,276.52,177.79,558.04,304.09,134.17,593.72,597.32,183.07,206.70,175.92,272.81,243.93,
356.45,275.27,177.00,556.97,303.28,133.62,592.80,596.75,182.15,206.24,175.48,272.06,243.17,
356.88,274.76,176.34,556.93,302.47,132.97,591.47,595.42,181.52,205.84,174.64,271.09,242.47,
357.31,273.77,175.52,555.70,301.22,132.52,589.90,594.27,181.08,204.80,173.73,270.07,241.68,
357.74,272.58,174.88,554.87,300.28,132.04,589.45,593.95,180.26,204.23,173.16,269.25,241.20,
358.16,271.70,174.39,555.13,300.01,131.46,589.56,594.20,179.76,204.11,172.42,268.68,240.64,
358.59,270.90,173.71,554.77,299.07,131.32,588.61,593.66,179.07,203.28,172.10,267.99,240.14,
359.02,271.63,174.04,557.14,300.01,131.61,590.99,595.89,179.58,203.79,172.61,268.51,240.69,
359.45,272.97,174.80,560.93,301.55,132.07,594.34,599.25,180.33,204.82,173.36,269.92,241.80,
359.88,274.64,176.16,565.96,303.92,133.01,599.93,605.18,181.41,206.56,174.62,272.26,243.54,
360.31,277.72,178.03,572.67,307.48,134.31,607.18,612.15,183.11,208.56,176.21,275.38,246.36,
360.73,281.38,180.41,580.90,311.55,135.86,616.03,621.70,185.38,211.21,178.63,279.18,249.82,
361.16,285.96,183.32,590.76,316.70,138.11,626.41,632.08,187.91,214.56,181.67,283.47,253.78,
361.59,290.93,186.44,601.99,322.08,140.69,638.69,643.60,191.25,218.44,184.72,288.50,258.47,
362.02,295.74,189.38,612.66,327.54,143.19,650.58,655.78,194.51,222.23,187.86,293.56,262.99,
362.45,300.44,192.25,623.09,332.38,145.28,660.96,666.46,197.43,225.68,190.77,297.76,266.87,
362.88,305.10,194.93,633.28,337.45,147.63,671.09,676.96,200.62,229.02,193.40,302.26,270.97,
363.30,309.37,197.44,642.80,342.26,149.70,681.67,687.23,203.31,232.18,195.94,306.52,275.05,
363.73,313.92,200.15,653.11,347.24,151.57,692.82,698.42,205.97,235.76,198.61,311.30,279.38,
364.16,317.48,202.38,661.96,351.86,153.46,701.40,707.91,208.31,238.53,201.11,315.35,282.85,
364.59,321.38,204.85,670.52,356.08,155.51,710.26,716.69,210.80,241.11,203.71,319.38,286.40,
365.02,325.39,207.20,679.38,360.70,157.42,720.00,726.43,213.48,244.21,206.06,323.47,290.34,
365.44,328.06,209.38,686.58,364.64,158.99,728.01,734.50,215.39,246.78,208.26,327.13,293.24,
365.87,331.67,211.41,694.65,368.34,160.40,736.00,741.88,217.44,249.43,210.16,330.43,296.28,
366.30,334.24,212.87,701.16,371.42,161.75,742.68,748.55,219.12,251.23,211.69,333.13,298.96,
366.73,336.74,214.52,707.30,374.49,162.98,749.52,755.60,220.80,253.34,213.48,335.85,301.46,
367.16,338.55,215.89,713.16,376.95,164.17,755.77,760.99,222.17,255.27,214.53,338.12,303.65,
367.58,339.73,216.36,717.80,378.62,165.02,760.24,765.51,223.25,256.08,215.45,339.77,304.93,
368.01,340.26,216.57,720.12,379.70,165.36,762.58,767.99,223.61,256.76,215.77,340.46,305.51,
368.44,340.07,216.27,721.37,379.53,165.26,762.27,768.29,223.41,256.62,215.59,340.55,305.22,
368.87,338.74,215.67,720.79,378.98,164.76,761.52,767.01,222.94,255.91,214.70,339.95,304.64,
369.29,336.65,214.28,717.14,376.92,163.41,758.39,763.99,221.47,254.39,213.39,338.11,303.19,
369.72,333.70,212.50,712.28,373.94,161.92,752.43,759.19,219.47,252.25,211.85,335.66,300.88,
370.15,329.93,210.38,706.39,370.34,160.53,745.16,751.76,217.19,249.53,209.85,331.85,297.59,
370.58,326.63,208.42,700.78,366.73,159.20,740.14,745.85,215.19,247.38,207.81,329.00,295.10,
371.00,323.88,206.69,696.35,363.74,157.78,735.40,741.84,213.34,245.58,206.49,326.69,292.78,
371.43,321.87,205.21,692.90,361.26,156.38,730.58,736.69,211.48,243.91,204.88,323.99,290.42,
371.86,320.49,203.84,689.85,359.13,155.58,727.03,733.12,210.41,242.36,203.35,321.99,288.67,
372.29,319.19,203.02,688.17,358.11,154.97,725.72,733.02,209.43,241.46,202.45,320.97,288.05,
372.71,318.80,202.55,687.84,357.29,154.50,726.17,733.30,208.91,241.41,202.03,320.74,287.68,
373.14,317.98,201.78,687.55,356.65,154.26,725.66,732.69,208.24,240.62,201.58,319.91,286.85,
373.57,318.95,201.98,689.92,357.34,154.60,728.07,735.08,208.43,241.01,202.02,320.44,287.42,
374.00,319.92,202.50,693.05,358.56,154.97,730.96,738.12,209.14,241.85,202.42,321.70,288.46,
374.42,321.04,203.59,696.92,360.14,155.46,734.57,742.35,209.65,242.85,203.23,323.13,289.53,
374.85,323.63,204.68,702.07,362.81,156.37,740.45,748.06,210.89,244.15,204.28,325.27,291.86,
375.28,325.93,205.86,707.59,365.43,157.25,746.29,754.36,212.06,245.88,205.70,327.57,294.10,
375.70,328.37,207.52,714.20,368.28,158.60,752.52,760.82,213.19,247.67,207.21,330.20,296.24,
376.13,331.17,209.17,721.12,371.52,160.08,760.35,767.85,214.83,250.04,208.81,333.05,298.72,
376.56,333.22,210.30,726.90,374.08,161.16,766.56,774.68,216.23,251.59,210.30,335.73,300.89,
376.99,335.22,211.33,731.48,376.08,161.77,770.91,779.10,217.21,252.90,211.21,337.04,302.27,
377.41,335.93,211.61,734.13,376.73,162.18,772.70,780.78,217.91,253.55,211.29,337.56,303.06,
377.84,335.81,211.73,735.32,376.75,162.33,774.36,782.50,218.13,253.73,211.21,338.18,303.52,
378.27,334.58,210.85,733.96,375.89,161.57,773.54,781.74,217.43,253.10,210.69,337.42,303.01,
378.69,331.58,209.01,729.19,373.03,160.49,767.81,775.97,215.60,250.89,209.08,334.92,300.50,
379.12,328.10,206.97,722.26,369.14,158.97,760.57,767.99,213.22,248.01,206.93,331.62,297.46,
379.55,323.69,204.16,713.87,364.25,156.86,751.48,758.41,210.39,244.85,204.12,327.66,294.02,
379.97,317.62,200.62,702.53,358.23,154.17,739.05,746.70,206.50,240.73,200.85,322.45,288.65,
380.40,312.54,196.93,691.19,351.78,151.20,726.28,733.50,202.53,236.48,197.04,316.61,283.55,
380.83,306.89,193.03,679.25,345.49,148.30,713.89,720.81,198.78,232.05,193.41,310.85,278.57,
381.25,301.56,189.92,668.42,339.68,145.72,703.15,709.79,195.13,228.34,190.22,305.72,274.05,
381.68,296.93,187.29,659.61,334.86,143.71,694.40,700.83,192.19,225.41,187.33,301.49,269.96,
382.11,293.41,184.39,651.60,330.65,141.89,687.06,692.84,189.94,222.48,185.09,297.59,266.64,
382.53,290.44,182.66,646.08,327.62,140.53,681.13,687.07,188.15,220.49,183.32,294.70,264.23,
382.96,288.79,181.44,642.67,325.47,139.63,677.61,682.99,187.00,219.19,181.99,293.00,262.74,
383.39,287.60,180.68,641.39,324.62,139.08,675.89,681.43,186.40,218.49,181.29,292.24,261.74,
383.81,287.63,180.41,641.08,325.01,138.70,676.89,681.97,186.06,218.33,181.20,292.27,261.89,
384.24,287.61,180.36,641.75,325.37,138.53,677.59,683.05,185.92,218.40,181.35,292.57,262.18,
384.67,288.55,181.30,644.90,326.63,139.22,680.45,685.86,186.32,219.20,181.97,293.78,263.26,
385.09,290.93,182.88,651.11,329.25,140.33,687.90,692.44,187.98,221.18,183.72,296.41,265.72,
385.52,294.14,184.82,659.53,333.45,141.89,696.41,701.76,190.09,224.09,186.24,299.87,268.85,
385.95,298.21,187.41,669.70,337.92,143.54,706.10,711.77,192.59,227.33,188.51,303.70,272.47,
386.37,303.37,190.37,681.22,343.36,145.90,718.12,723.76,196.02,230.85,191.47,308.70,277.18,
386.80,308.17,193.60,693.11,349.41,148.38,731.60,737.44,199.38,234.84,194.77,314.08,282.16,
387.22,313.29,197.00,705.79,355.64,151.08,745.25,751.09,202.81,239.32,198.07,319.69,287.20,
387.65,317.81,199.59,717.48,361.01,153.57,757.03,763.29,205.92,242.76,201.04,324.48,291.43,
388.08,321.99,201.95,727.53,365.39,155.52,767.21,773.41,208.42,245.66,203.67,328.53,295.19,
388.50,324.77,204.04,735.69,369.19,157.03,774.93,781.70,210.43,247.95,205.63,332.16,298.31,
388.93,326.15,205.10,741.07,371.40,157.95,780.08,787.35,211.48,249.38,206.83,334.33,299.96,
389.36,327.44,205.62,744.19,372.44,158.09,782.86,790.23,212.02,250.17,207.33,335.47,300.98,
389.78,327.15,205.51,744.44,372.47,157.88,782.85,790.67,211.72,250.09,207.32,335.46,301.21,
390.21,325.85,204.92,743.55,371.21,157.60,781.05,789.19,210.84,249.33,206.74,334.58,300.23,
390.63,324.37,204.26,741.90,369.75,157.15,779.54,787.36,210.00,248.62,206.09,333.50,299.28,
391.06,323.05,203.39,739.96,368.92,156.49,777.82,785.69,209.38,247.76,205.58,332.44,298.31,
391.49,321.55,202.31,738.21,367.72,155.72,774.83,783.17,208.44,246.91,204.63,331.09,297.07,
391.91,320.56,201.54,736.37,366.58,155.34,772.94,781.17,207.87,246.02,203.68,329.90,296.15,
392.34,320.18,201.15,735.74,366.14,155.09,773.20,780.90,207.49,245.56,203.42,329.62,295.91,
392.76,319.52,200.64,735.15,365.69,154.54,772.33,780.67,206.95,245.25,202.74,329.08,295.49,
393.19,318.42,199.82,733.81,364.72,154.25,770.20,779.31,206.20,244.48,202.08,328.30,294.68,
393.61,317.44,199.00,732.44,363.47,153.77,768.28,777.66,205.45,243.34,201.49,327.23,293.84,
394.04,317.15,198.82,732.94,363.33,153.45,768.50,777.20,205.13,243.16,201.29,327.26,294.02,
394.47,317.70,199.14,735.81,364.56,153.76,770.56,779.85,205.23,243.88,201.92,328.32,294.68,
394.89,321.13,200.68,743.49,367.71,154.84,777.96,787.38,206.92,246.21,203.37,331.15,297.13,
395.32,326.65,203.99,756.53,374.09,157.11,792.07,801.34,210.50,250.14,206.70,336.63,302.14,
395.74,334.52,209.17,775.77,383.60,161.08,812.26,822.57,215.58,256.31,211.71,344.80,309.56,
396.17,344.89,215.65,800.27,395.55,166.10,838.85,849.09,222.11,264.48,217.98,355.78,319.14,
396.59,357.49,223.07,829.74,410.32,172.12,869.94,880.41,230.27,273.63,225.96,368.62,330.89,
397.02,371.54,231.37,862.31,425.88,178.52,903.21,914.15,239.02,284.03,234.40,382.41,343.29,
397.45,385.22,239.66,894.94,441.49,185.34,936.60,948.40,247.90,294.68,242.67,396.71,355.91,
397.87,399.11,248.23,927.86,457.47,192.07,970.95,983.08,256.78,305.22,251.11,411.04,368.78,
398.30,412.60,256.35,959.51,472.85,198.08,1003.56,1016.10,265.12,315.28,259.32,424.90,381.09,
398.72,424.71,263.96,989.01,487.07,204.24,1033.55,1047.62,272.96,324.81,267.16,437.82,392.53,
399.15,437.02,271.63,1018.63,500.90,210.37,1064.55,1077.84,280.58,334.15,275.02,450.47,404.03,
399.57,449.34,279.46,1048.63,514.81,216.31,1096.47,1108.74,288.43,343.67,282.83,463.19,415.68,
400.00,461.32,287.10,1077.91,529.04,222.09,1127.10,1140.22,296.16,353.26,291.04,476.07,426.97,
400.42,472.82,294.07,1105.43,541.68,227.61,1155.36,1168.09,303.33,362.14,297.99,487.70,436.99,
400.85,482.54,300.43,1129.22,553.28,232.56,1180.97,1193.63,310.09,369.76,304.14,498.16,446.37,
401.27,490.87,306.15,1150.52,563.70,236.90,1203.25,1216.20,315.70,376.63,309.85,507.27,454.84,
401.70,497.30,310.06,1166.69,571.17,240.42,1220.21,1233.36,319.68,382.15,313.87,514.09,461.12,
402.12,501.11,312.15,1177.30,575.48,242.56,1231.75,1244.15,322.15,385.15,316.72,518.42,464.87,
402.55,504.21,313.72,1185.72,578.63,244.09,1239.53,1251.78,324.20,387.15,318.72,521.33,467.78,
402.97,505.40,314.50,1189.85,579.71,244.58,1242.87,1255.38,324.75,388.46,319.23,522.74,469.07,
403.40,504.79,314.50,1191.25,580.56,244.73,1244.15,1257.12,324.53,388.82,319.40,523.27,469.32,
403.82,506.19,314.54,1193.12,580.84,244.39,1245.42,1258.67,324.43,388.74,319.31,523.33,469.62,
404.25,505.47,314.52,1192.95,580.66,244.18,1245.60,1259.68,324.05,388.46,319.28,523.07,469.53,
404.67,504.46,314.33,1193.39,580.26,244.24,1245.93,1259.94,323.45,387.98,319.00,522.60,469.35,
405.10,503.88,314.04,1193.79,579.83,244.02,1247.38,1260.87,323.14,388.00,318.88,522.48,469.30,
405.52,503.11,313.78,1194.00,579.85,243.85,1248.20,1262.34,323.00,387.87,319.03,522.18,469.31,
405.95,502.44,313.47,1194.34,580.17,243.50,1248.28,1262.71,322.57,387.90,318.66,521.59,468.94,
406.37,502.11,313.00,1195.14,579.40,243.57,1248.49,1262.82,322.52,387.56,317.95,521.44,468.64,
406.80,502.10,312.92,1196.84,580.50,243.46,1250.19,1265.64,322.93,387.59,317.95,521.84,469.43,
407.22,503.00,313.28,1200.40,582.19,243.85,1254.26,1269.37,323.51,388.30,318.30,522.80,470.77,
407.65,502.75,312.88,1201.89,582.08,244.11,1255.93,1271.12,323.35,388.15,318.35,523.41,470.96,
408.07,503.45,313.53,1204.79,582.85,244.33,1259.15,1274.42,323.96,388.05,318.70,524.46,472.33,
408.50,505.19,314.64,1211.09,586.20,245.19,1265.36,1280.74,325.15,389.54,319.90,526.83,474.66,
408.92,505.78,315.74,1216.55,588.53,245.92,1270.76,1287.19,325.83,391.18,321.17,528.90,476.23,
409.35,509.17,317.14,1224.15,591.61,247.09,1278.05,1294.98,327.54,393.10,322.56,531.52,478.59,
409.77,512.19,318.77,1231.89,594.94,248.40,1286.28,1303.82,329.73,395.13,324.27,534.66,481.68,
410.20,514.02,320.37,1238.78,598.04,249.75,1294.53,1311.41,331.12,397.17,326.21,537.48,484.28,
410.62,516.52,321.90,1246.35,600.97,251.14,1302.81,1319.33,332.63,399.63,327.68,540.65,486.75,
411.04,519.31,323.08,1253.41,603.47,252.28,1310.95,1327.20,334.44,401.55,329.41,543.60,489.05,
411.47,521.49,323.96,1259.55,605.91,253.11,1316.63,1331.81,335.72,402.95,330.44,545.56,490.94,
411.89,523.45,324.74,1265.01,607.84,254.18,1321.13,1336.33,336.69,404.06,331.07,547.81,492.20,
412.32,525.31,325.63,1270.53,609.75,254.98,1326.25,1342.40,337.85,405.38,332.07,550.10,494.17,
412.74,527.83,326.84,1276.69,613.28,255.18,1332.90,1348.61,338.93,406.98,333.20,552.42,496.26,
413.17,528.79,327.57,1280.44,614.66,255.73,1337.10,1353.79,339.47,407.91,334.04,554.25,497.59,
413.59,529.78,328.37,1283.99,615.34,256.09,1340.25,1357.53,339.86,408.66,334.69,555.33,498.64,
414.02,531.72,329.29,1289.33,617.11,256.80,1345.51,1362.56,340.75,409.98,335.84,557.15,500.49,
414.44,532.44,330.06,1294.24,619.11,257.37,1349.72,1367.42,341.02,411.18,337.03,558.83,501.41,
414.86,533.45,330.36,1296.75,618.99,257.49,1351.15,1369.94,341.01,411.86,337.08,559.45,501.88,
415.29,534.20,330.20,1297.89,618.70,257.81,1352.09,1370.78,341.37,411.82,337.11,559.53,502.12,
415.71,532.95,329.93,1297.30,618.41,257.51,1352.30,1370.56,340.96,411.69,336.82,559.38,501.86,
416.14,531.80,329.80,1297.54,617.95,257.44,1353.50,1370.30,340.30,411.64,336.22,559.15,501.54,
416.56,530.15,328.70,1296.65,616.60,257.15,1352.29,1369.53,339.16,410.61,335.54,558.38,500.84,
416.99,529.84,327.96,1296.47,615.29,256.71,1351.42,1367.61,338.73,409.80,335.06,557.37,500.32,
417.41,528.39,327.36,1295.40,614.76,256.24,1348.54,1365.87,337.73,409.37,334.25,556.67,500.05,
417.83,527.73,327.32,1296.28,614.89,256.34,1348.69,1366.60,337.17,409.23,334.13,556.68,499.73,
418.26,527.79,327.11,1296.96,614.90,255.54,1348.87,1367.26,337.10,409.39,333.77,556.70,499.96,
418.68,526.89,326.70,1296.75,614.17,255.41,1348.24,1367.24,336.63,409.14,333.50,556.19,499.55,
419.11,525.11,326.44,1295.47,612.32,255.36,1346.70,1365.80,335.68,408.31,333.14,555.44,498.87,
419.53,524.62,325.95,1295.52,611.57,255.40,1346.79,1364.88,334.87,408.26,332.93,554.90,498.29,
419.95,524.14,325.15,1295.51,610.96,255.00,1347.33,1365.28,334.32,407.78,332.98,554.88,497.53,
420.38,523.18,324.67,1295.08,609.91,254.05,1345.72,1364.40,333.76,407.40,332.40,553.92,496.77,
420.80,521.98,323.64,1292.46,608.07,253.70,1343.12,1361.48,333.34,406.53,331.06,552.98,495.48,
421.23,520.84,322.86,1291.43,607.25,253.24,1342.15,1359.53,332.87,405.71,330.37,552.39,494.89,
421.65,520.17,322.31,1290.83,607.18,252.49,1342.53,1359.32,332.37,405.38,329.24,551.81,494.72,
422.07,518.52,321.30,1289.38,605.59,251.99,1341.73,1357.47,331.19,404.47,328.64,550.82,493.63,
422.50,518.30,320.40,1288.14,604.23,251.54,1340.49,1356.26,330.74,403.62,328.36,550.05,493.15,
422.92,517.87,319.72,1287.52,604.41,250.83,1340.27,1354.69,330.71,403.10,327.96,549.53,492.73,
423.34,514.94,318.87,1284.78,602.96,249.71,1336.34,1352.70,328.92,402.04,327.26,548.13,491.17,
423.77,514.82,318.14,1283.06,600.04,248.66,1333.72,1349.95,327.87,400.77,325.98,546.59,489.63,
424.19,512.95,316.64,1278.27,597.40,247.08,1329.25,1345.77,327.02,398.76,324.26,544.16,487.74,
424.62,509.30,315.08,1272.40,594.00,245.61,1323.50,1339.30,324.68,396.71,322.34,540.62,484.82,
425.04,505.78,313.05,1264.96,589.96,244.07,1317.30,1332.22,322.44,394.57,320.29,537.55,482.05,
425.46,502.61,310.14,1257.76,586.02,242.63,1310.52,1325.26,320.62,391.74,318.38,533.98,478.98,
425.89,499.09,307.84,1250.28,582.35,240.60,1301.66,1316.51,318.61,389.06,315.85,529.73,475.52,
426.31,493.99,304.83,1239.64,576.90,238.66,1289.95,1304.72,316.02,385.48,312.21,525.13,471.46,
426.73,489.37,301.98,1229.38,572.48,236.96,1279.98,1294.54,313.30,382.29,309.33,520.63,467.67,
427.16,486.24,299.46,1220.63,569.15,234.24,1271.12,1284.89,310.64,379.34,306.34,516.37,463.88,
427.58,480.77,296.43,1209.36,563.87,232.13,1259.46,1273.43,307.28,375.81,303.49,510.95,459.06,
428.00,476.06,293.79,1198.42,558.06,230.05,1248.51,1262.08,303.93,372.14,301.17,506.02,454.89,
428.43,473.22,291.79,1191.73,553.79,228.45,1241.45,1255.38,301.90,369.44,299.36,502.42,452.33,
428.85,470.58,290.37,1187.35,551.14,226.87,1234.69,1251.38,299.84,367.33,297.96,500.04,449.31,
429.27,469.23,289.91,1185.45,548.74,226.24,1230.86,1249.27,298.66,366.63,296.85,498.80,448.33,
429.70,469.46,289.59,1186.08,548.56,226.62,1231.84,1249.87,299.28,366.42,296.56,498.86,448.40,
430.12,469.24,289.79,1187.93,550.36,227.01,1234.81,1252.62,299.84,367.26,297.02,499.37,449.45,
430.54,470.14,290.44,1192.60,552.01,228.04,1240.41,1258.13,300.14,368.72,297.84,500.99,450.97,
430.97,471.75,291.18,1198.63,554.75,229.51,1247.72,1266.28,301.46,370.04,300.00,504.04,453.34,
431.39,475.47,292.71,1207.16,558.00,230.88,1255.35,1273.06,303.33,372.00,301.79,506.73,456.07,
431.81,478.05,294.84,1216.75,562.05,232.39,1263.38,1282.37,305.11,374.83,303.57,510.71,459.60,
432.24,481.55,297.56,1228.52,567.39,234.42,1275.47,1296.07,307.25,378.29,307.01,515.49,464.04,
432.66,488.32,300.94,1244.06,574.35,236.23,1291.82,1311.11,310.59,382.85,310.20,521.38,469.57,
433.08,493.98,304.56,1259.13,581.67,238.80,1307.50,1326.85,314.24,387.26,313.92,527.52,475.49,
433.51,498.73,308.60,1275.65,587.81,242.10,1324.57,1344.26,317.51,391.82,317.97,533.74,481.61,
433.93,505.65,312.89,1293.91,595.36,245.53,1345.36,1364.02,321.75,397.35,322.54,541.40,488.71,
434.35,512.03,316.36,1311.22,603.13,248.15,1362.20,1382.82,325.96,402.51,326.66,548.69,494.40,
434.77,516.65,319.58,1325.60,609.20,250.76,1376.21,1397.34,329.35,406.76,329.59,554.73,499.15,
435.20,520.27,321.82,1335.38,613.34,253.27,1386.33,1407.47,331.99,410.16,331.52,558.92,503.31,
435.62,523.47,323.40,1343.64,617.42,254.71,1395.91,1415.81,334.37,412.38,333.34,562.07,506.10,
436.04,526.59,324.81,1349.63,621.83,255.24,1403.33,1422.60,335.55,414.37,334.21,564.57,508.34,
436.47,527.88,325.13,1353.68,622.50,256.21,1408.56,1427.01,335.86,414.95,335.23,566.44,509.97,
436.89,529.51,326.34,1358.90,624.17,257.04,1413.40,1431.20,336.65,415.96,336.58,568.10,511.56,
437.31,532.28,327.60,1364.96,626.60,257.65,1419.82,1436.33,337.82,417.29,337.51,570.48,513.96,
437.73,533.06,328.77,1371.38,629.48,258.22,1425.47,1445.07,338.73,418.77,338.96,573.28,515.58,
438.16,537.25,330.52,1380.28,632.55,259.39,1434.43,1453.68,340.92,421.13,340.69,576.76,518.47,
438.58,540.75,332.03,1388.71,636.44,260.70,1442.41,1461.77,343.43,423.12,341.95,579.77,521.31,
439.00,542.94,333.93,1396.25,639.40,262.21,1450.08,1470.30,344.82,425.02,343.73,582.53,523.73,
439.43,544.79,335.48,1404.83,641.50,263.95,1459.07,1478.45,346.25,427.62,345.55,585.78,526.27,
439.85,547.95,336.60,1412.20,644.79,265.33,1467.49,1486.95,348.26,429.34,347.80,589.27,529.11,
440.27,550.82,338.36,1420.33,648.29,266.42,1474.91,1493.97,350.13,431.30,349.13,591.72,531.68,
440.69,553.08,339.90,1428.25,651.68,268.36,1482.06,1501.17,351.67,433.38,350.15,595.42,533.89,
441.12,557.37,342.19,1438.51,656.97,270.08,1492.88,1511.91,353.99,436.46,352.24,599.18,537.96,
441.54,562.39,344.38,1450.04,663.42,271.18,1504.96,1522.86,356.37,439.27,354.32,602.89,542.06,
441.96,564.48,346.19,1458.64,667.03,272.51,1513.38,1531.78,357.65,441.50,355.99,606.18,544.95,
442.38,566.94,348.50,1468.12,669.55,274.32,1522.58,1541.63,359.30,443.84,358.48,609.84,548.33,
442.81,570.53,350.61,1479.05,673.89,275.93,1533.57,1552.39,361.59,446.64,360.91,613.77,551.86,
443.23,573.48,352.20,1488.16,677.80,277.15,1541.36,1562.32,363.20,448.87,362.83,617.32,554.31,
443.65,575.88,353.96,1496.69,680.26,278.40,1548.15,1570.77,364.67,451.39,364.38,620.09,556.51,
444.07,579.01,355.90,1504.27,683.53,280.01,1555.95,1578.33,367.09,453.73,366.13,623.47,559.80,
444.50,581.52,357.28,1511.15,686.72,281.16,1563.90,1585.73,368.27,455.66,367.39,626.06,562.18,
444.92,583.09,358.54,1517.87,689.09,282.58,1571.52,1592.67,369.33,457.84,368.24,628.87,564.94,
445.34,585.44,359.54,1525.05,691.63,284.00,1580.54,1601.03,371.02,459.78,370.51,632.22,567.64,
445.76,588.78,360.81,1532.51,694.85,285.06,1586.92,1607.75,372.31,461.45,371.88,634.72,570.04,
446.19,591.38,362.03,1539.88,698.27,286.11,1592.90,1614.65,373.27,463.66,372.83,637.26,572.58,
446.61,593.69,363.64,1548.35,701.71,287.65,1601.07,1624.34,374.56,465.99,375.06,641.09,575.59,
447.03,598.54,365.57,1557.78,706.06,288.37,1611.11,1634.19,376.68,468.51,376.97,644.41,579.11,
447.45,601.09,367.17,1565.92,709.47,289.53,1618.68,1643.13,378.47,470.55,378.83,647.13,581.86,
447.87,602.84,369.17,1573.64,711.80,291.23,1627.27,1651.51,380.00,472.78,381.00,650.41,584.45,
448.30,606.11,371.37,1583.08,715.39,293.29,1637.80,1662.30,382.20,475.67,383.34,654.26,588.15,
448.72,608.80,372.78,1592.01,718.94,294.51,1646.08,1671.27,384.38,478.01,385.16,657.18,590.87,
449.14,611.33,374.41,1599.56,722.23,295.72,1652.45,1679.46,386.35,480.39,386.56,660.03,593.21,
449.56,613.50,375.53,1605.30,724.35,297.23,1659.16,1685.45,388.11,482.47,387.68,662.74,595.73,
449.99,615.79,376.40,1610.19,727.21,298.09,1664.62,1690.48,389.61,483.98,388.62,664.61,597.60,
450.41,616.26,376.71,1613.56,729.54,298.39,1669.13,1694.15,390.14,485.01,388.79,665.29,598.85,
450.83,615.66,376.54,1614.47,729.50,298.66,1671.18,1696.62,390.12,485.27,389.26,665.40,599.32,
451.25,616.39,377.10,1616.20,730.16,298.95,1672.67,1698.41,390.33,485.61,390.04,665.81,599.46,
451.67,615.73,376.83,1616.68,730.63,298.62,1671.86,1697.88,389.99,485.33,389.49,665.14,599.45,
452.10,615.19,377.21,1618.48,731.22,298.55,1672.72,1700.63,389.88,485.70,389.81,665.37,599.46,
452.52,615.99,377.64,1621.47,731.31,298.65,1676.28,1703.68,390.49,486.40,390.28,666.23,600.08,
452.94,615.82,377.42,1621.86,730.99,298.34,1675.44,1704.16,390.93,486.01,389.93,665.76,599.68,
453.36,614.73,377.43,1622.92,730.52,298.49,1676.59,1704.07,390.59,485.99,390.02,665.26,599.56,
453.78,614.08,377.05,1622.99,729.02,298.59,1677.30,1704.39,390.16,486.04,390.02,665.60,599.32,
454.20,613.77,376.10,1624.02,728.51,298.70,1678.16,1706.17,390.17,485.38,390.03,665.82,599.19,
454.63,613.70,375.72,1625.80,727.98,298.22,1678.19,1706.54,389.97,485.11,389.97,665.30,598.66,
455.05,613.52,375.10,1624.65,727.39,298.24,1677.62,1706.34,389.38,485.14,389.46,665.76,598.44,
455.47,613.81,375.31,1626.57,728.13,298.27,1679.52,1708.39,389.09,485.42,389.81,666.32,598.94,
455.89,615.52,375.67,1630.59,730.31,297.90,1682.87,1711.20,389.32,485.70,389.90,666.85,599.83,
456.31,614.71,375.85,1631.74,730.54,297.95,1684.95,1712.73,388.86,485.73,389.82,666.82,600.09,
456.74,616.02,376.73,1636.34,730.92,298.37,1688.82,1715.80,388.81,486.07,391.03,668.20,601.04,
457.16,617.32,377.32,1641.69,732.78,299.15,1693.20,1719.11,389.31,486.80,392.00,669.96,602.72,
457.58,618.04,377.90,1646.00,733.54,299.33,1696.71,1724.26,389.55,487.49,392.81,671.40,603.66,
458.00,619.54,378.57,1650.82,734.31,300.19,1701.69,1730.65,390.52,488.75,393.51,673.09,604.90,
458.42,620.81,379.10,1654.87,735.84,301.24,1705.47,1734.66,391.98,489.55,394.23,674.52,606.45,
458.84,621.18,379.43,1658.52,737.30,301.31,1708.24,1737.51,392.64,490.04,394.84,675.30,607.49,
459.27,621.75,379.69,1661.52,738.63,301.78,1712.45,1741.67,392.79,491.38,394.78,676.92,608.82,
459.69,621.95,379.51,1663.73,738.91,302.38,1715.80,1746.14,393.22,491.28,395.49,678.41,609.79,
460.11,622.00,379.53,1666.42,739.93,302.50,1717.55,1747.24,393.47,491.78,395.61,678.49,610.12,
460.53,621.93,379.48,1667.05,740.18,302.25,1718.04,1746.89,393.24,491.86,395.25,678.88,610.45,
460.95,621.02,379.62,1668.82,741.47,302.40,1720.42,1749.63,392.86,492.38,395.59,679.88,611.03,
461.37,622.34,380.04,1673.39,742.14,302.20,1724.06,1751.23,393.45,492.53,395.71,680.41,611.46,
461.79,621.30,379.44,1672.15,741.53,301.62,1722.26,1748.46,393.69,491.69,395.20,679.73,610.86,
462.22,619.12,379.32,1670.14,739.74,301.28,1722.53,1748.09,392.65,491.39,395.35,679.34,610.57,
462.64,619.12,379.64,1674.11,738.91,302.04,1725.84,1751.89,393.03,492.00,396.24,681.04,611.14,
463.06,619.16,378.81,1674.61,738.78,301.74,1725.74,1753.17,393.18,491.71,396.07,681.12,610.58,
463.48,619.07,379.13,1676.23,738.32,301.27,1725.98,1754.85,393.47,492.12,395.75,681.07,610.52,
463.90,619.33,378.67,1676.29,738.21,301.55,1725.39,1754.19,393.56,491.95,395.20,681.28,610.44,
464.32,618.88,378.32,1675.61,737.74,300.78,1723.82,1751.57,393.27,491.66,394.35,680.48,609.93,
464.74,618.57,376.89,1672.83,737.36,299.37,1722.30,1748.75,392.12,490.87,392.72,679.37,608.76,
465.16,616.88,376.08,1668.41,735.03,299.26,1721.46,1746.97,390.68,489.54,391.90,678.20,607.80,
465.59,615.58,375.90,1666.84,732.87,298.64,1719.24,1743.16,389.62,488.09,392.01,676.51,606.63,
466.01,613.83,374.78,1665.12,731.77,297.28,1715.72,1738.80,388.12,487.00,390.77,674.60,605.68,
466.43,612.36,374.52,1663.05,731.55,296.46,1712.93,1739.71,386.83,486.48,390.50,673.90,604.81,
466.85,613.17,374.76,1665.63,730.55,295.66,1712.63,1740.65,387.12,486.85,389.99,673.51,605.22,
467.27,613.61,373.77,1663.01,729.31,295.21,1709.61,1737.07,387.62,485.87,389.30,672.25,603.60,
467.69,611.73,373.37,1659.98,727.69,294.61,1707.51,1734.84,386.46,485.20,388.42,670.86,603.00,
468.11,611.03,373.71,1661.98,727.23,295.31,1710.57,1737.80,385.92,485.80,388.03,671.13,602.82,
468.53,611.26,372.70,1663.85,726.69,295.91,1711.61,1739.93,386.38,485.02,387.94,671.13,602.50,
468.95,612.05,372.33,1664.07,727.98,295.48,1711.37,1740.30,386.30,485.20,387.40,670.01,602.12,
469.38,611.65,372.43,1664.21,726.82,296.06,1711.53,1741.07,386.07,485.09,386.82,670.49,602.14,
469.80,611.40,372.73,1666.28,728.81,297.24,1714.22,1744.73,386.45,485.91,387.09,671.13,602.81,
470.22,613.53,372.50,1671.06,731.35,296.53,1719.08,1746.90,387.46,486.39,386.67,671.52,603.56,
470.64,612.48,372.26,1669.42,730.84,296.44,1721.49,1748.33,386.76,485.80,386.76,671.52,604.02,
471.06,611.08,373.47,1673.19,730.44,297.43,1725.16,1751.29,386.53,485.81,387.91,672.41,605.03,
471.48,610.80,373.58,1676.59,730.53,297.23,1727.30,1751.81,386.54,486.41,388.23,672.92,605.58,
471.90,610.99,373.18,1680.59,731.06,297.27,1727.63,1755.92,386.60,486.60,388.76,673.77,605.08,
472.32,612.82,374.02,1685.17,730.29,298.27,1731.63,1760.33,387.93,488.24,389.41,675.70,606.31,
472.74,615.45,374.78,1688.32,731.69,299.85,1734.33,1763.09,389.91,488.76,389.61,677.05,606.82,
473.16,614.69,374.74,1687.70,732.51,300.56,1737.36,1762.65,389.70,488.24,389.54,676.22,606.21,
473.58,614.40,375.01,1690.62,733.07,300.45,1741.48,1766.59,389.14,489.29,388.67,677.19,607.65,
474.01,615.47,374.20,1694.29,734.98,301.66,1747.02,1773.86,389.38,489.88,390.34,679.54,609.08,
474.43,617.04,374.38,1698.65,735.78,302.03,1750.88,1777.48,389.62,490.36,391.25,679.49,610.23,
474.85,616.60,374.79,1700.08,737.09,301.57,1750.64,1778.88,389.56,490.52,391.20,680.46,611.84,
475.27,615.77,375.71,1703.67,738.12,301.57,1752.87,1784.13,388.84,491.75,392.50,682.43,612.94,
475.69,619.07,376.49,1709.85,742.21,300.79,1757.29,1786.56,389.78,493.07,392.30,682.66,614.70,
476.11,619.10,376.30,1709.88,742.10,299.72,1758.68,1785.79,390.20,492.36,392.06,681.78,614.69,
476.53,617.28,377.53,1708.61,740.74,300.29,1760.79,1786.71,388.96,492.12,393.22,681.74,614.73,
476.95,618.79,379.22,1718.44,742.62,301.83,1769.01,1795.15,390.06,495.14,395.04,685.35,616.56,
477.37,620.90,378.96,1722.57,743.08,301.99,1771.23,1799.19,390.87,494.92,396.04,686.13,615.89,
477.79,623.16,379.92,1727.96,744.61,302.76,1773.64,1805.47,391.85,496.35,396.35,687.17,617.11,
478.21,624.25,381.53,1731.18,747.09,304.49,1777.68,1808.91,393.15,497.95,396.10,690.18,619.40,
478.63,623.88,381.73,1731.05,748.18,304.30,1777.57,1808.47,393.70,497.68,395.27,689.16,619.20,
479.05,624.17,380.76,1732.03,749.70,302.35,1781.75,1809.22,393.11,497.42,394.32,689.54,620.17,
479.47,624.62,380.60,1733.76,749.68,302.70,1784.42,1815.16,393.01,498.68,395.10,690.99,621.30,
479.89,624.46,381.52,1735.52,749.01,303.29,1785.33,1813.75,392.92,498.17,396.78,690.24,621.13,
480.31,623.11,380.83,1733.59,747.94,302.41,1781.42,1810.60,391.90,496.52,396.12,688.34,621.00,
480.74,621.37,380.63,1732.35,748.19,301.85,1778.28,1810.07,390.70,496.85,396.70,689.02,620.67,
481.16,621.71,380.57,1734.61,746.20,301.08,1778.71,1810.37,390.88,497.76,396.22,688.94,620.11,
481.58,620.51,378.58,1726.28,743.96,300.62,1771.95,1801.93,390.54,495.08,393.75,685.80,617.29,
482.00,615.64,376.36,1716.64,737.34,299.23,1763.17,1792.16,387.64,492.51,392.29,681.68,614.03,
482.42,611.06,374.59,1708.03,732.99,298.70,1754.79,1783.56,385.02,490.94,389.87,679.58,610.53,
482.84,607.41,370.73,1700.46,728.46,297.02,1743.82,1775.98,383.38,487.08,387.72,676.43,606.33,
483.26,602.70,367.63,1687.85,722.95,293.93,1728.06,1761.02,380.67,482.63,384.48,670.98,600.53,
483.68,597.46,364.69,1674.28,717.03,292.19,1713.52,1748.05,377.96,479.53,381.41,667.06,597.10,
484.10,590.07,361.41,1660.45,712.98,289.93,1700.56,1734.85,374.54,475.92,378.37,661.92,592.81,
484.52,588.86,357.49,1651.09,709.12,285.84,1689.47,1722.00,372.29,471.71,375.21,655.76,588.32,
484.94,583.20,355.02,1639.28,704.54,284.45,1681.06,1712.59,369.13,468.29,373.35,651.02,584.49,
485.36,578.44,354.68,1630.89,700.16,283.71,1672.08,1704.07,366.44,466.47,372.70,647.76,582.49,
485.78,575.39,352.63,1624.62,695.69,281.99,1663.62,1693.79,363.85,463.36,371.39,644.74,579.25,
486.20,573.73,350.66,1620.54,692.83,280.41,1657.05,1691.71,361.90,461.64,370.01,643.24,576.68,
486.62,573.31,351.09,1621.40,690.71,280.36,1656.22,1691.03,362.20,462.01,369.06,643.12,576.64,
487.04,573.58,350.69,1621.55,689.86,281.03,1652.76,1689.91,363.87,460.83,368.15,643.05,575.99,
487.46,573.01,349.76,1619.68,689.47,281.11,1652.80,1687.77,364.08,459.71,367.62,641.47,575.43,
487.88,573.19,350.03,1623.65,690.73,281.55,1655.74,1690.45,363.84,460.30,366.82,642.59,576.73,
488.30,573.67,349.93,1627.78,693.13,282.53,1662.60,1696.68,364.91,460.59,368.66,646.13,577.79,
488.72,576.06,350.89,1636.24,695.02,282.96,1666.26,1703.41,366.65,461.41,370.40,647.55,580.38,
489.14,577.75,352.03,1640.04,698.79,283.43,1673.12,1708.08,367.06,463.11,371.20,650.30,584.14,
489.56,578.58,354.12,1647.93,702.59,284.39,1679.96,1718.41,367.32,465.51,373.72,652.84,587.82,
489.98,583.30,355.73,1659.56,705.79,284.09,1690.19,1725.72,368.77,468.57,374.63,655.13,590.68,
490.40,587.01,356.48,1663.07,708.04,284.99,1695.60,1730.02,370.29,469.19,375.77,656.04,592.12,
490.82,589.20,358.87,1667.88,709.39,286.26,1704.66,1738.40,370.43,471.66,378.01,658.77,595.27,
491.24,590.21,360.66,1676.76,710.30,287.12,1712.10,1746.69,371.87,474.87,379.66,662.23,597.05,
491.66,591.55,360.83,1681.83,711.00,287.60,1715.69,1751.07,372.81,475.52,380.23,663.45,596.50,
492.08,594.11,362.20,1689.50,712.55,289.22,1720.83,1759.41,374.81,477.39,381.11,665.56,599.08,
492.50,595.39,363.63,1693.00,714.23,290.79,1724.43,1762.39,376.48,479.61,381.46,669.19,600.75,
492.92,594.58,363.31,1692.76,715.49,290.76,1725.00,1760.70,376.94,480.00,380.58,668.85,599.95,
493.34,595.03,362.90,1690.84,718.11,290.40,1729.69,1761.61,376.36,480.41,379.63,668.11,600.22,
493.76,594.11,362.83,1690.50,718.71,290.88,1734.09,1766.11,375.75,481.46,380.00,668.95,600.86,
494.18,593.42,363.98,1692.11,717.90,290.91,1734.64,1765.95,375.38,481.31,381.37,668.22,601.34,
494.60,593.88,363.63,1690.77,717.60,290.56,1733.30,1766.16,375.23,480.78,381.22,665.79,602.38,
495.02,592.66,363.88,1690.48,717.69,289.75,1731.52,1767.52,373.75,481.56,381.88,666.01,601.95,
495.44,593.70,364.37,1694.19,715.94,289.67,1732.22,1769.08,373.68,482.53,381.83,666.27,602.43,
495.86,595.02,363.69,1691.52,716.51,290.14,1730.33,1765.65,375.33,481.68,380.77,664.69,601.42,
496.28,594.40,363.97,1687.68,716.69,290.79,1730.77,1763.39,374.46,480.64,380.09,663.31,600.80,
496.70,594.15,364.19,1690.22,716.71,291.63,1733.80,1764.93,373.92,482.09,379.76,664.57,600.57,
497.12,591.10,362.09,1690.42,715.24,292.05,1730.89,1762.80,373.38,480.00,379.61,664.07,599.08,
497.54,592.23,361.29,1687.97,715.19,291.84,1726.50,1759.96,372.97,479.19,378.22,662.47,597.29,
497.95,591.84,360.08,1682.59,713.94,291.64,1722.25,1756.47,372.14,477.52,376.61,662.03,596.90,
498.37,585.21,358.77,1675.68,713.27,290.08,1716.43,1748.64,369.44,475.19,375.07,660.88,595.10,
498.79,586.95,356.54,1669.93,714.25,287.09,1711.71,1741.51,367.96,472.42,372.41,656.21,592.95,
499.21,585.18,354.93,1661.35,711.01,286.03,1708.05,1737.77,365.93,470.15,371.33,653.31,591.35,
499.63,583.30,354.71,1658.00,706.34,284.73,1702.99,1731.06,364.51,468.52,371.44,651.36,589.45,
500.05,580.13,353.08,1652.95,701.97,282.81,1694.19,1720.93,362.06,465.75,370.08,647.93,587.01,
500.47,579.82,351.28,1650.94,699.89,281.36,1688.93,1718.95,361.34,464.31,368.94,646.32,584.38,
500.89,579.53,351.66,1651.16,697.64,281.06,1687.12,1718.54,361.31,464.84,367.93,646.91,582.94,
501.31,579.74,351.04,1648.11,696.44,281.78,1683.12,1715.12,362.53,463.41,366.48,646.56,581.43,
501.73,577.40,349.99,1644.38,696.62,281.23,1682.13,1710.16,361.95,462.48,365.13,644.49,579.27,
502.15,576.56,349.72,1644.29,696.10,280.48,1683.64,1710.74,361.05,463.14,363.83,645.05,579.53,
502.57,575.91,348.20,1643.36,694.56,280.22,1684.26,1712.63,360.91,462.06,364.97,645.55,579.05,
502.99,576.22,348.22,1646.09,693.88,279.71,1685.55,1715.14,360.82,461.67,365.21,645.46,579.69,
503.41,576.72,348.27,1645.43,694.74,279.13,1686.34,1716.03,360.95,462.13,365.47,646.59,581.42,
503.83,575.58,348.62,1647.09,696.16,279.00,1688.36,1719.22,360.28,462.01,366.56,647.53,582.58,
504.25,577.67,348.73,1651.96,699.96,278.17,1691.42,1720.57,360.11,463.02,366.51,647.35,583.18,
504.67,579.74,349.15,1651.64,701.11,279.14,1694.56,1721.65,361.11,463.30,366.21,646.06,582.74,
505.08,579.34,351.06,1654.66,700.37,280.08,1700.00,1725.11,362.04,464.06,367.80,647.70,584.22,
505.50,578.15,351.42,1658.82,699.38,280.96,1701.99,1727.20,361.95,465.39,368.86,649.13,584.89,
505.92,577.34,350.92,1661.22,699.10,280.80,1701.24,1730.31,362.21,465.33,369.22,649.68,584.35,
506.34,580.01,351.85,1666.30,701.65,282.02,1705.37,1737.99,363.91,467.20,369.85,652.38,585.45,
506.76,580.53,352.70,1667.66,702.71,283.01,1708.50,1739.55,365.02,468.13,369.92,655.45,586.77,
507.18,577.75,352.72,1668.91,703.76,283.01,1708.79,1737.94,364.95,467.66,369.81,655.50,587.30,
507.60,580.05,352.20,1670.16,706.73,282.03,1712.83,1739.50,365.03,467.88,369.53,655.06,588.22,
508.02,581.42,351.97,1671.20,705.93,282.74,1715.36,1743.58,365.42,467.52,370.57,655.79,589.05,
508.44,581.24,352.72,1673.85,705.77,283.17,1716.24,1743.07,365.14,467.48,371.93,655.76,589.52,
508.86,580.91,352.37,1675.01,707.06,282.53,1715.97,1741.39,364.92,467.47,371.36,655.54,590.48,
509.28,579.72,352.22,1672.84,707.41,281.78,1713.10,1741.47,364.43,466.88,371.69,655.28,589.62,
509.70,580.39,352.66,1675.08,706.65,281.77,1714.41,1740.85,364.73,466.86,371.34,654.59,588.99,
510.11,579.93,351.66,1672.64,704.98,282.36,1709.03,1735.83,365.56,466.13,369.86,653.21,587.38,
510.53,578.81,352.00,1669.02,702.01,282.43,1708.87,1733.44,365.62,466.24,369.60,652.36,587.11,
510.95,578.35,351.45,1668.60,698.90,282.33,1707.00,1732.05,365.31,466.82,369.15,652.81,587.53,
511.37,576.57,348.69,1666.94,696.71,281.91,1701.51,1730.04,363.96,465.48,369.16,651.58,585.29,
511.79,577.27,347.95,1665.89,696.91,280.86,1698.00,1728.08,363.49,464.55,368.06,649.76,584.70,
512.21,576.16,347.57,1662.35,695.83,280.41,1695.76,1726.44,362.91,463.83,367.18,649.80,585.37,
512.63,572.81,346.33,1656.27,693.69,279.36,1689.58,1718.43,360.24,461.54,366.08,647.33,583.11,
513.05,571.56,344.22,1649.34,692.59,276.45,1680.81,1709.51,358.05,459.36,363.41,642.28,579.69,
513.47,569.94,342.00,1640.42,689.58,275.21,1674.60,1703.55,356.13,457.11,361.71,639.36,577.27,
513.88,564.88,340.79,1630.32,682.99,274.01,1665.82,1692.89,353.10,454.33,360.48,635.54,574.02,
514.30,559.44,338.24,1619.26,678.96,271.59,1654.62,1679.37,349.91,451.58,358.40,630.69,570.22,
514.72,556.05,335.38,1609.74,674.32,269.83,1643.22,1672.79,348.20,448.65,356.57,627.12,566.03,
515.14,552.81,333.52,1600.60,667.40,268.68,1631.85,1664.90,346.81,446.49,353.99,623.93,562.33,
515.56,550.14,332.62,1593.58,663.06,268.55,1620.73,1655.48,346.01,444.81,350.89,621.44,559.55,
515.98,545.18,330.49,1584.55,659.90,267.31,1611.87,1646.83,344.33,442.84,348.34,617.47,556.47,
516.40,544.31,329.23,1578.97,657.35,265.36,1610.54,1643.20,342.99,442.27,346.85,615.88,554.95,
516.82,542.19,327.23,1575.22,654.83,264.45,1606.99,1642.07,341.27,439.33,346.81,615.50,553.08,
517.23,539.90,326.58,1574.77,654.64,264.01,1602.99,1640.86,340.87,438.53,346.44,613.23,551.97,
517.65,538.48,327.08,1572.53,654.54,263.64,1603.13,1640.08,341.08,438.47,345.93,613.49,553.41,
518.07,537.76,327.98,1574.25,655.59,263.81,1603.15,1643.30,340.37,439.06,346.75,614.69,553.15,
518.49,539.45,328.30,1576.54,657.36,263.13,1604.42,1641.71,340.36,439.62,346.39,614.61,552.82,
518.91,541.14,329.22,1579.14,659.58,264.51,1608.65,1645.36,342.85,440.29,347.01,614.93,554.38,
519.33,543.03,331.22,1582.70,658.64,265.62,1615.03,1651.91,343.77,440.93,349.28,617.19,556.72,
519.75,544.63,332.39,1588.13,659.43,266.98,1620.17,1657.55,344.40,443.75,350.69,619.39,558.36,
520.17,545.59,333.40,1596.26,661.44,268.59,1624.17,1665.46,346.21,445.04,352.13,621.68,559.17,
520.58,550.33,335.69,1607.55,665.23,270.17,1632.53,1677.88,349.14,448.49,353.37,625.65,562.24,
521.00,552.35,337.89,1615.39,668.07,272.13,1638.54,1685.21,351.00,451.10,354.28,631.04,565.27,
521.42,552.66,339.75,1621.62,672.93,273.43,1645.59,1690.84,351.36,452.88,355.61,633.29,567.93,
521.84,556.14,340.60,1629.59,678.87,273.61,1659.11,1700.66,353.41,454.97,357.10,635.56,571.68,
522.26,558.72,341.16,1633.27,680.76,274.68,1666.80,1708.91,354.41,456.57,359.09,638.65,573.73,
522.68,559.82,342.85,1639.20,681.01,275.42,1669.69,1711.52,354.38,456.61,360.44,639.38,575.65,
523.09,560.29,342.79,1641.73,684.02,275.64,1671.09,1711.81,354.15,457.51,361.20,638.60,577.13,
523.51,562.33,343.40,1643.00,684.84,275.47,1671.27,1714.86,353.61,457.68,362.25,640.08,577.25,
523.93,563.97,343.86,1645.00,683.77,274.89,1671.40,1712.78,353.51,457.75,361.59,640.23,576.77,
524.35,564.25,342.30,1641.84,683.02,276.20,1669.86,1708.52,354.92,456.53,360.45,638.82,575.69,
524.77,563.21,342.12,1639.79,681.86,276.26,1670.64,1708.21,354.77,456.02,360.51,637.37,575.47,
525.19,561.80,341.72,1638.25,678.28,275.75,1671.14,1707.59,353.40,457.21,359.74,637.47,575.07,
525.60,560.75,339.90,1640.57,678.61,276.21,1671.92,1709.22,353.00,456.77,360.34,638.53,573.84,
526.02,561.38,340.37,1645.56,678.75,276.71,1673.41,1713.19,354.10,457.54,360.66,638.77,574.51,
526.44,563.87,340.64,1650.49,681.28,277.15,1678.05,1718.78,354.82,458.65,361.21,641.35,577.05,
526.86,562.30,341.58,1651.28,682.76,277.55,1680.49,1720.11,353.99,459.24,361.59,642.34,578.71,
527.28,565.87,341.84,1655.12,686.90,276.32,1685.98,1721.65,354.27,459.67,361.68,641.21,579.29,
527.70,568.01,342.25,1657.03,688.12,277.38,1692.78,1727.33,355.51,460.75,362.54,641.72,580.06,
528.11,569.13,343.65,1659.56,686.89,277.53,1694.53,1726.68,355.10,460.81,363.95,641.68,580.38,
528.53,568.51,343.88,1660.56,686.15,277.83,1693.49,1725.60,355.12,460.51,364.55,641.38,581.36,
528.95,569.15,343.86,1663.65,687.73,278.75,1695.00,1731.17,355.92,461.43,365.77,643.11,582.01,
529.37,570.26,345.18,1668.07,686.73,279.89,1698.70,1735.77,358.28,463.06,366.34,645.42,582.76,
529.79,570.23,345.40,1668.74,687.18,281.08,1698.99,1734.88,359.72,463.56,365.77,646.65,583.13,
530.21,569.76,345.61,1670.94,688.39,282.66,1702.82,1738.73,360.34,464.64,365.58,646.63,584.08,
530.62,570.64,346.14,1674.32,689.85,282.29,1705.84,1742.62,360.28,466.37,365.74,648.23,585.79,
531.04,570.70,345.05,1676.07,689.29,282.92,1708.45,1746.90,360.83,466.47,366.50,650.03,586.68,
531.46,571.45,345.70,1681.11,691.81,283.49,1708.26,1750.00,361.71,466.48,367.39,650.27,587.66,
531.88,572.95,345.92,1682.72,693.46,283.84,1710.72,1751.70,361.95,467.45,367.42,651.06,590.60,
532.30,572.50,346.18,1683.38,696.43,284.02,1711.01,1754.89,361.42,467.67,368.94,651.94,591.40,
532.71,573.24,346.79,1685.15,697.64,282.96,1711.17,1751.83,360.81,467.33,368.54,651.29,590.72,
533.13,574.64,346.74,1685.27,698.36,283.46,1712.94,1751.20,362.81,467.00,368.51,651.36,590.92,
533.55,574.46,347.77,1684.24,696.36,284.38,1714.81,1751.51,362.45,467.03,369.59,651.72,591.79,
533.97,571.92,347.72,1682.74,694.21,283.72,1712.50,1748.78,361.37,467.36,369.93,651.00,590.88,
534.39,569.56,345.94,1680.55,693.09,283.35,1708.27,1747.82,360.61,464.78,369.79,650.49,588.72,
534.80,570.67,347.06,1683.40,692.90,283.09,1709.56,1749.62,361.17,466.02,369.14,651.20,589.07,
535.22,570.26,347.10,1681.31,692.16,282.67,1706.68,1746.77,361.01,465.12,367.76,651.46,588.26,
535.64,566.31,346.12,1678.89,691.84,281.93,1703.01,1743.08,358.59,463.88,366.57,649.93,586.75,
536.06,568.75,345.59,1680.04,695.68,280.89,1704.20,1745.15,358.49,463.52,365.65,648.80,587.18,
536.48,568.41,345.52,1678.16,694.72,280.51,1704.82,1745.42,358.23,463.22,366.23,649.20,586.25,
536.89,567.39,346.72,1678.77,691.79,279.79,1702.99,1742.41,357.18,461.88,366.63,648.06,585.25,
537.31,566.24,346.31,1675.76,692.62,279.02,1699.55,1739.36,355.54,461.00,365.80,646.46,585.12,
537.73,565.43,346.16,1672.48,691.09,277.99,1696.30,1736.54,353.96,460.31,366.07,645.92,583.91,
538.15,564.44,346.14,1669.05,687.77,276.87,1691.66,1730.72,353.34,460.02,364.44,644.19,581.09,
538.56,564.16,344.99,1664.92,685.46,277.35,1687.95,1722.08,354.24,458.07,362.06,641.87,578.34,
538.98,561.36,344.06,1659.39,681.95,276.98,1687.37,1719.89,353.73,457.44,361.14,639.76,577.62,
539.40,558.88,342.61,1653.60,677.82,276.15,1681.17,1715.33,351.46,457.43,359.07,637.49,575.96,
539.82,556.67,339.44,1651.10,675.58,275.05,1676.19,1713.22,349.93,454.64,358.16,636.08,573.13,
540.24,558.08,338.80,1653.21,674.72,274.71,1675.05,1713.80,350.55,453.80,357.35,636.39,573.12,
540.65,557.25,338.93,1654.39,674.97,275.32,1675.45,1714.70,350.71,455.01,357.31,638.83,574.39,
541.07,555.52,337.90,1653.34,676.22,274.87,1674.01,1713.69,348.86,454.46,356.92,638.81,573.71,
541.49,556.89,337.40,1655.77,678.53,273.69,1675.63,1713.28,348.57,454.69,356.23,637.36,574.06,
541.91,559.35,337.31,1656.50,679.18,274.91,1681.79,1717.03,349.13,455.28,357.21,637.31,575.52,
542.32,557.59,338.74,1655.76,676.24,274.23,1683.56,1715.09,348.91,455.53,358.66,636.62,575.43,
542.74,555.81,338.62,1655.40,674.35,273.76,1681.10,1714.67,347.74,454.88,358.93,635.18,575.70,
543.16,555.56,338.31,1656.74,674.14,274.05,1683.27,1717.27,347.85,454.81,359.87,635.79,575.67,
543.58,556.85,338.89,1662.25,671.96,274.69,1687.18,1720.84,350.11,456.70,360.08,637.68,577.01,
543.99,557.74,338.97,1662.82,672.53,275.54,1685.28,1720.63,351.65,456.67,359.76,637.80,576.66,
544.41,555.35,338.41,1661.90,673.91,276.22,1686.86,1721.39,351.93,456.14,359.21,637.10,576.15,
544.83,556.28,338.56,1663.84,674.62,275.64,1688.84,1724.26,351.69,456.90,358.98,638.58,577.95,
545.25,557.51,337.18,1664.60,673.94,275.63,1688.81,1727.62,351.57,456.32,359.50,640.34,577.12,
545.66,558.46,339.01,1668.28,674.67,275.47,1689.60,1729.73,351.34,455.42,360.33,639.77,576.65,
546.08,558.79,340.55,1669.24,676.07,276.46,1691.86,1730.82,351.86,456.16,361.08,641.31,579.52,
546.50,559.00,340.98,1669.04,678.19,276.35,1691.70,1732.83,350.85,457.23,362.18,642.10,580.20,
546.92,560.82,341.32,1669.44,679.29,274.95,1692.13,1730.78,350.78,457.48,360.86,640.01,579.73,
547.33,562.19,341.90,1668.46,679.59,276.25,1694.55,1732.01,353.47,456.57,360.62,638.98,579.65,
547.75,561.52,342.94,1667.70,677.45,276.97,1696.36,1731.35,352.85,457.18,361.07,639.72,579.44,
548.17,560.27,342.31,1665.20,674.51,276.13,1693.87,1730.97,353.06,456.98,360.44,640.15,579.03,
548.59,560.02,340.31,1666.99,673.88,276.22,1692.29,1731.51,352.33,454.81,359.71,640.36,577.10,
549.00,561.36,340.75,1670.13,674.73,276.45,1694.66,1734.43,353.65,455.82,359.79,642.16,577.86,
549.42,562.03,339.72,1669.98,674.77,276.56,1691.60,1733.98,354.34,456.91,358.58,644.26,578.35,
549.84,558.27,339.54,1667.61,676.11,276.38,1690.50,1729.92,352.47,455.69,357.34,642.63,577.13,
550.26,560.73,339.83,1670.71,678.82,276.12,1695.35,1732.73,352.37,455.80,356.40,642.50,577.29,
550.67,561.22,339.59,1670.47,677.47,276.14,1698.57,1736.47,351.72,456.47,357.68,643.62,578.68,
551.09,561.12,340.89,1672.27,676.24,276.08,1698.71,1734.52,350.91,455.59,358.59,643.41,579.24,
551.51,559.49,341.15,1673.35,677.61,275.69,1698.94,1734.33,350.32,455.22,358.85,642.22,580.60,
551.93,560.18,340.55,1674.98,678.11,275.60,1698.48,1737.79,350.38,456.13,360.21,643.50,581.76,
552.34,561.03,340.00,1675.38,676.57,274.74,1698.49,1736.58,350.91,456.83,359.47,643.19,580.71,
552.76,559.41,338.99,1673.96,676.26,275.64,1695.36,1731.31,351.83,455.41,358.03,641.38,578.46,
553.18,558.67,337.86,1672.58,674.44,276.55,1696.17,1729.61,351.58,455.13,358.01,640.56,578.39,
553.59,556.75,336.50,1668.97,669.99,275.80,1692.13,1726.88,349.79,455.53,356.44,639.11,576.27,
554.01,554.32,334.01,1665.12,667.59,274.37,1686.14,1723.90,348.38,453.07,355.89,637.56,573.42,
554.43,553.12,333.77,1666.68,666.67,274.20,1682.16,1719.58,347.96,452.26,355.70,635.92,572.26,
554.85,551.20,334.04,1663.08,665.49,274.31,1677.31,1717.86,347.19,452.00,355.17,636.38,572.98,
555.26,548.15,333.68,1658.26,665.21,273.43,1672.09,1714.85,345.13,451.61,354.85,634.54,570.18,
555.68,549.29,333.29,1657.81,668.75,271.40,1672.53,1710.62,344.33,449.95,353.85,631.96,568.12,
556.10,549.39,332.67,1652.07,667.08,272.09,1671.62,1711.14,343.97,449.93,354.39,630.60,567.63,
556.51,547.63,332.75,1648.10,662.46,270.33,1666.37,1705.95,343.19,448.67,354.28,629.62,567.64,
556.93,545.01,331.88,1643.29,660.71,269.68,1660.69,1700.71,342.10,446.71,352.97,627.22,565.89,
557.35,543.13,330.58,1639.41,659.42,269.39,1657.70,1699.51,341.91,445.35,352.58,625.67,564.25,
557.77,543.44,330.48,1636.44,656.15,269.76,1654.35,1698.91,342.05,445.59,351.45,625.13,563.54,
558.18,540.72,329.37,1629.60,655.25,269.71,1647.09,1692.11,341.83,444.78,349.26,624.00,561.49,
558.60,536.92,329.06,1626.06,653.75,269.77,1645.32,1687.76,340.66,443.49,347.44,620.93,559.23,
559.02,537.25,328.71,1624.04,652.60,268.41,1645.53,1687.63,339.89,443.62,345.82,619.92,558.96,
559.43,534.13,327.46,1622.61,650.10,267.73,1641.94,1686.74,339.11,442.33,345.47,620.23,556.76,
559.85,532.67,328.63,1624.86,651.09,267.00,1641.15,1686.05,338.53,441.32,346.02,619.17,557.10,
560.27,533.46,328.77,1627.31,653.13,267.61,1644.53,1688.25,339.37,441.16,346.22,619.57,559.95,
560.68,533.47,329.60,1626.98,655.22,267.18,1643.36,1692.50,338.46,442.49,347.09,620.69,560.26,
561.10,535.42,330.04,1628.01,657.41,266.16,1644.42,1689.67,338.91,443.60,345.78,619.93,560.04,
561.52,536.88,329.77,1627.54,658.66,267.11,1647.98,1687.09,340.44,442.44,344.66,618.88,560.88,
561.93,535.80,330.25,1626.54,654.27,267.68,1648.81,1687.56,339.83,442.27,344.95,618.64,562.30,
562.35,534.79,330.01,1627.55,652.45,267.17,1646.71,1684.15,339.15,442.76,343.60,619.02,561.98,
562.77,533.09,327.88,1626.92,651.75,267.44,1645.21,1683.13,338.37,440.75,343.50,618.74,558.74,
563.19,533.56,327.66,1628.00,651.74,266.78,1645.90,1685.30,339.30,441.58,343.55,618.61,558.86,
563.60,533.34,327.45,1626.48,651.31,266.22,1643.08,1683.00,338.66,441.83,342.70,620.14,557.79,
564.02,529.42,326.00,1625.07,652.01,265.38,1641.24,1676.71,336.33,440.96,341.49,618.78,555.46,
564.44,531.82,325.12,1629.23,654.30,263.88,1644.09,1676.96,335.93,439.95,340.66,617.15,555.01,
564.85,532.44,324.02,1625.32,652.57,263.96,1644.74,1678.15,335.31,439.86,340.51,617.11,555.47,
565.27,532.11,324.20,1622.58,650.66,263.34,1640.68,1674.16,333.70,438.67,341.39,616.50,554.51,
565.69,531.78,324.14,1619.81,652.37,262.49,1641.12,1673.30,332.98,437.71,341.82,614.97,555.58,
566.10,532.51,323.32,1618.44,653.93,262.39,1639.36,1674.38,332.87,437.69,342.65,615.95,555.25,
566.52,532.96,323.01,1615.29,651.50,261.24,1637.18,1672.28,332.13,438.13,342.16,615.71,553.25,
566.94,532.57,321.73,1610.94,649.85,261.26,1632.84,1666.61,333.14,436.28,339.99,612.89,551.28,
567.35,528.70,320.15,1607.59,645.32,261.15,1632.75,1664.76,332.27,434.94,339.58,610.79,550.65,
567.77,527.21,319.03,1604.99,640.81,259.94,1629.73,1664.08,330.94,435.83,337.58,610.12,549.20,
568.19,524.31,315.78,1600.44,638.89,258.72,1625.65,1662.32,329.76,433.34,336.63,608.65,545.86,
568.60,523.81,314.97,1601.28,640.05,258.00,1623.34,1662.85,329.68,431.91,336.80,606.74,544.71,
569.02,523.60,315.50,1601.22,639.29,257.88,1622.42,1664.83,329.78,432.34,337.16,608.41,546.88,
569.44,521.69,315.55,1600.15,639.88,257.15,1620.93,1665.25,327.09,432.82,337.25,608.48,546.16,
569.85,522.80,315.53,1601.72,642.63,255.39,1622.08,1665.11,327.33,432.59,335.89,606.55,546.17,
570.27,525.26,315.99,1599.92,642.19,256.60,1625.44,1667.66,329.45,432.23,336.41,606.00,547.07,
570.69,523.49,317.07,1597.91,639.26,256.40,1625.80,1665.32,329.16,431.90,337.06,606.01,547.67,
571.10,521.87,316.52,1599.57,639.08,256.05,1624.69,1663.76,328.61,431.17,336.98,604.90,547.45,
571.52,521.90,315.47,1600.64,640.72,256.29,1624.41,1668.21,329.45,430.80,336.90,604.61,547.06,
571.93,523.20,316.02,1601.35,636.71,256.69,1622.84,1669.09,329.80,431.17,336.57,605.18,546.08,
572.35,522.36,314.96,1600.75,635.53,256.97,1618.99,1663.41,329.69,430.94,335.30,604.20,544.57,
572.77,518.41,314.70,1600.20,635.96,257.57,1619.40,1660.61,328.98,430.14,333.90,602.47,543.23,
573.18,518.82,313.87,1601.07,635.26,256.83,1623.60,1661.17,328.43,430.08,332.19,602.40,543.71,
573.60,519.99,313.36,1599.47,634.24,256.71,1621.10,1661.53,327.70,429.02,332.17,602.50,542.09,
574.02,519.76,313.13,1602.62,634.73,256.34,1620.53,1661.05,326.32,427.40,333.39,601.98,542.14,
574.43,520.94,314.36,1606.31,636.76,256.69,1622.85,1664.92,326.41,427.34,334.45,603.66,545.05,
574.85,523.35,315.48,1605.60,638.54,256.70,1624.09,1667.70,325.91,428.30,335.63,604.88,545.39,
575.27,525.63,315.52,1605.86,639.59,255.22,1625.81,1665.22,324.78,427.82,334.52,603.27,544.15,
575.68,526.72,314.74,1605.84,640.43,256.46,1625.83,1661.03,327.35,426.80,333.54,601.42,544.80,
576.10,526.49,315.46,1604.25,636.65,257.04,1627.62,1660.05,327.15,426.58,333.82,600.64,544.13,
576.52,524.42,315.18,1602.38,633.70,256.49,1623.37,1659.16,325.68,427.32,332.83,600.53,543.75,
576.93,522.53,312.85,1602.45,632.86,256.01,1621.55,1657.85,324.31,425.09,332.91,600.86,541.87,
577.35,524.45,313.23,1604.49,632.69,255.76,1621.73,1659.09,325.21,425.79,333.35,602.04,542.41,
577.76,524.12,313.90,1605.96,631.63,256.06,1619.40,1658.28,325.18,426.93,332.86,604.76,542.84,
578.18,520.78,313.77,1607.55,633.31,255.82,1621.98,1656.12,323.63,427.25,332.52,604.45,543.38,
578.60,525.01,313.80,1610.68,637.72,253.84,1627.53,1658.36,323.92,427.72,332.11,604.48,545.48,
579.01,526.84,314.32,1608.49,636.84,254.73,1630.20,1662.04,324.69,428.66,333.13,605.48,546.86,
579.43,526.18,316.96,1613.31,636.82,254.63,1630.23,1662.12,325.18,428.82,335.81,606.38,548.64,
579.85,525.39,316.64,1617.77,639.56,254.23,1634.70,1665.18,325.59,429.60,336.71,606.91,551.51,
580.26,526.53,318.05,1620.81,643.38,255.27,1638.27,1671.72,327.51,431.75,338.42,609.20,552.23,
580.68,527.36,319.28,1622.39,641.48,255.91,1640.84,1672.40,328.51,433.64,338.22,609.91,552.61,
581.09,526.88,319.33,1624.86,642.56,256.63,1642.36,1672.01,330.76,434.04,338.05,609.75,552.64,
581.51,525.29,320.09,1625.04,642.13,258.51,1645.97,1674.21,331.77,434.74,337.62,609.27,552.31,
581.93,526.75,319.90,1624.58,639.31,258.26,1646.02,1675.26,331.35,436.11,336.95,610.31,551.35,
582.34,524.53,317.35,1623.79,638.60,258.12,1640.85,1675.46,330.27,434.10,337.33,611.05,549.88,
582.76,524.55,317.22,1626.40,639.33,258.12,1640.08,1674.27,329.68,432.98,338.22,609.78,548.73,
583.17,524.84,317.74,1626.40,639.40,258.75,1637.66,1676.83,330.71,433.53,337.81,611.25,548.82,
583.59,523.12,317.94,1620.84,639.32,257.64,1633.10,1675.75,328.73,433.40,338.04,609.90,547.39,
584.01,524.26,316.08,1616.43,640.49,255.02,1630.65,1668.41,327.11,430.59,336.18,605.43,544.86,
584.42,523.73,315.66,1609.02,638.69,255.72,1627.20,1665.52,327.94,428.17,335.07,602.83,543.14,
584.84,520.00,315.35,1600.84,632.66,255.33,1620.03,1658.89,325.68,425.55,334.04,600.44,540.42,
585.25,517.72,312.99,1594.49,628.94,253.69,1611.72,1650.10,323.08,422.74,332.19,597.44,537.89,
585.67,515.38,309.92,1587.03,625.75,252.27,1603.79,1644.19,321.00,418.07,329.63,594.21,533.36,
586.09,512.84,308.74,1576.03,618.47,251.73,1593.31,1637.24,319.11,416.10,327.50,591.07,528.39,
586.50,509.17,305.70,1565.05,613.38,249.89,1579.37,1623.82,316.81,412.62,323.97,587.45,523.74,
586.92,503.12,302.96,1554.33,610.36,248.35,1570.64,1612.15,313.34,408.72,320.50,581.70,519.43,
587.33,503.95,300.20,1545.98,605.34,245.30,1563.29,1602.36,310.33,405.78,316.52,578.14,516.07,
587.75,499.66,296.58,1536.09,600.58,243.40,1553.40,1594.96,307.71,402.20,314.14,575.60,512.77,
588.17,495.85,294.49,1533.63,599.38,241.24,1547.00,1586.63,304.89,399.75,313.81,573.13,511.21,
588.58,494.84,294.82,1532.18,599.07,239.73,1547.07,1584.30,304.50,398.80,313.19,572.02,512.22,
589.00,493.79,294.09,1527.58,598.12,238.45,1542.98,1583.72,303.53,398.17,312.72,571.29,511.18,
589.41,492.22,293.59,1522.40,597.13,236.41,1540.80,1578.58,302.04,398.00,311.24,568.29,509.87,
589.83,491.29,292.93,1521.66,597.32,236.94,1538.09,1572.93,303.64,396.22,309.61,566.70,508.71,
590.25,490.12,293.68,1520.73,594.33,237.33,1539.68,1572.08,303.65,396.64,308.63,566.41,509.32,
590.66,489.11,293.17,1519.19,591.32,236.08,1538.14,1572.04,303.14,397.87,307.13,566.39,508.56,
591.08,487.30,290.79,1521.27,591.05,235.67,1537.73,1573.64,303.01,396.28,307.74,566.61,506.76,
591.49,486.38,290.63,1525.55,592.24,235.45,1541.03,1576.99,303.86,397.49,307.86,567.53,507.10,
591.91,487.49,290.95,1524.42,592.89,235.26,1539.90,1576.37,304.68,399.34,306.93,569.41,507.97,
592.32,485.98,291.44,1529.36,595.86,235.50,1543.35,1576.81,303.67,400.57,306.42,569.64,509.45,
592.74,490.74,291.35,1536.19,601.18,234.13,1548.69,1581.67,304.34,401.54,306.09,570.70,510.98,
593.16,493.14,292.04,1534.37,601.56,235.33,1552.36,1584.34,306.53,402.45,307.02,572.33,512.12,
593.57,491.60,294.31,1539.81,602.62,236.30,1555.81,1587.32,307.31,403.08,309.31,572.62,513.85,
593.99,492.06,294.33,1545.75,606.18,236.52,1562.76,1592.30,307.85,404.46,311.85,574.65,516.83,
594.40,492.47,295.58,1548.04,608.20,237.22,1564.08,1600.65,309.61,405.80,313.37,576.13,517.02,
594.82,492.75,297.00,1549.43,606.04,238.36,1566.48,1601.06,310.29,406.28,312.79,575.71,517.31,
595.23,495.08,297.45,1551.95,607.94,239.51,1568.50,1598.60,311.74,406.30,312.25,575.59,517.65,
595.65,495.06,296.93,1552.88,607.41,241.26,1571.44,1598.52,311.23,406.03,311.98,575.56,518.63,
596.07,497.91,296.59,1553.40,604.71,241.68,1573.45,1600.03,310.63,407.40,311.63,575.63,519.47,
596.48,495.62,294.42,1553.01,603.36,241.30,1570.55,1601.62,309.45,406.17,313.21,576.55,518.17,
596.90,495.40,293.83,1557.39,606.21,241.18,1569.43,1602.02,309.37,405.90,314.64,576.63,519.22,
597.31,497.28,295.31,1560.10,607.18,242.37,1571.14,1605.26,310.11,407.46,315.13,579.58,521.87,
597.73,498.46,297.42,1560.12,608.39,242.70,1569.66,1607.31,309.97,408.10,316.99,580.53,522.30,
598.14,499.39,297.12,1562.91,612.31,241.66,1571.94,1607.07,309.17,408.29,317.70,579.69,522.47,
598.56,502.35,297.89,1560.29,612.86,243.39,1574.85,1608.01,311.71,407.65,319.24,580.21,523.19,
598.97,501.90,300.18,1559.95,609.91,244.17,1575.53,1608.69,312.24,407.70,321.03,580.27,524.76,
599.39,500.55,300.03,1562.98,609.61,244.50,1575.54,1611.73,311.84,408.59,322.65,580.97,525.43,
599.81,500.06,299.53,1565.52,610.13,244.25,1576.08,1613.77,310.59,407.84,324.16,582.48,524.44,
600.22,502.10,301.31,1565.61,609.16,244.52,1574.16,1612.86,311.62,409.12,323.68,583.27,525.47,
600.64,502.66,301.29,1563.21,608.61,244.80,1572.25,1610.92,312.09,409.26,322.89,584.76,525.76,
601.05,500.57,300.49,1563.47,609.52,245.01,1574.01,1611.16,310.03,409.44,322.33,584.92,525.17,
601.47,503.35,300.10,1562.74,609.74,245.15,1574.28,1612.42,310.39,410.26,321.93,586.65,526.18,
601.88,503.12,298.96,1562.02,608.96,245.29,1573.05,1614.69,310.00,410.32,323.04,587.64,526.44,
602.30,500.57,298.69,1564.40,609.41,244.52,1575.44,1614.06,310.22,410.04,324.52,587.59,526.65,
602.71,501.76,299.55,1567.01,611.15,245.11,1582.06,1616.68,311.34,411.20,324.64,589.07,530.36,
603.13,501.79,301.57,1566.58,611.68,245.88,1583.64,1621.28,311.61,411.97,326.16,589.85,531.39,
603.54,500.53,301.67,1567.29,612.37,245.00,1583.84,1619.95,311.95,412.26,325.75,587.80,531.12,
603.96,501.49,300.89,1566.66,613.32,246.48,1585.71,1618.31,313.68,411.72,324.46,586.74,531.08,
604.37,501.30,302.34,1566.14,611.20,247.89,1589.22,1618.83,314.38,412.48,324.42,587.62,532.42,
604.79,500.30,302.28,1565.56,608.08,247.39,1586.61,1618.70,313.06,414.32,323.59,588.02,532.38,
605.21,499.77,299.76,1566.49,608.05,247.13,1586.54,1619.62,312.55,412.55,324.08,588.50,530.85,
605.62,500.56,299.94,1568.40,607.90,247.02,1585.95,1622.06,311.97,412.79,323.76,589.09,530.91,
606.04,499.20,299.72,1563.27,606.96,247.35,1581.82,1617.90,312.50,413.00,322.53,590.17,530.78,
606.45,495.57,299.14,1562.37,607.81,247.53,1579.90,1614.98,310.67,412.14,321.19,589.02,529.89,
606.87,497.13,298.18,1564.55,611.39,245.81,1578.58,1610.65,309.45,410.43,319.73,586.83,528.95,
607.28,497.75,298.20,1555.86,609.92,247.12,1575.39,1606.43,309.22,409.87,318.98,585.14,528.30,
607.70,495.52,299.32,1555.14,607.14,245.01,1572.66,1601.19,308.07,408.68,319.59,581.86,526.56,
608.11,493.24,299.45,1553.82,607.91,244.37,1572.85,1601.89,307.96,408.36,320.23,580.62,527.04,
608.53,494.03,299.88,1551.75,608.27,244.01,1568.79,1603.86,307.39,407.10,320.42,580.72,526.10,
608.94,494.17,300.21,1548.66,604.43,243.58,1563.70,1602.79,307.48,407.46,319.00,580.12,524.49,
609.36,494.02,298.87,1545.68,604.75,242.50,1560.21,1596.29,307.63,406.59,317.40,579.19,521.57,
609.77,492.65,298.19,1542.09,603.40,243.07,1558.12,1591.70,305.96,405.94,316.49,577.84,520.21,
610.19,494.74,297.44,1538.30,600.40,242.11,1553.32,1590.38,304.20,406.11,313.97,576.86,518.77,
610.60,492.26,294.16,1534.32,597.32,240.63,1548.33,1589.35,302.91,403.72,314.42,576.06,515.78,
611.02,490.03,292.82,1535.67,598.15,239.76,1545.68,1588.72,302.83,402.44,314.34,573.87,514.81,
611.43,488.58,292.85,1532.81,597.21,239.53,1543.82,1586.88,302.36,403.23,313.87,573.93,516.61,
611.85,488.25,292.65,1528.78,597.30,238.87,1538.29,1583.81,301.90,403.21,313.91,572.79,515.26,
612.26,489.12,291.82,1529.37,599.65,237.56,1536.37,1579.88,301.57,402.35,312.08,569.14,514.12,
612.68,490.59,290.80,1522.77,597.61,238.79,1534.77,1576.78,303.05,401.82,312.55,566.10,512.59,
613.09,488.51,291.76,1518.04,593.52,238.76,1533.04,1574.54,302.76,401.51,313.76,565.02,512.01,
613.51,485.88,290.68,1518.13,589.86,237.94,1528.13,1574.62,302.93,402.40,314.67,564.36,511.13,
613.92,485.12,287.82,1516.88,590.15,238.06,1526.88,1576.89,303.33,400.60,314.83,564.64,509.63,
614.34,485.53,288.02,1514.59,588.03,237.76,1525.09,1575.09,303.27,401.52,313.52,565.03,508.28,
614.75,484.66,287.80,1511.95,586.59,238.08,1521.94,1571.41,302.79,401.47,312.28,564.86,507.40,
615.17,481.42,287.65,1510.18,585.79,237.96,1522.16,1567.61,300.64,400.27,311.62,563.32,505.14,
615.58,485.24,287.05,1512.14,587.08,237.38,1521.63,1567.56,300.28,399.88,310.52,562.37,505.21,
616.00,485.28,286.28,1507.72,585.03,237.90,1522.19,1567.57,300.75,399.25,310.72,563.09,505.73,
616.41,482.44,286.62,1512.19,585.72,237.48,1524.66,1565.57,300.84,398.38,312.32,562.52,506.64,
616.83,482.60,287.46,1516.67,587.40,237.56,1527.15,1568.07,301.19,399.00,312.42,563.20,509.30,
617.24,484.96,288.13,1516.25,587.74,238.24,1529.22,1570.13,301.60,399.14,313.33,564.29,510.65,
617.66,484.85,288.81,1517.39,586.60,237.93,1529.86,1569.76,301.78,399.55,312.01,563.66,509.54,
618.07,484.59,288.96,1517.66,587.90,238.80,1533.63,1570.56,303.18,399.25,311.42,562.95,509.55,
618.49,484.84,290.10,1518.93,586.20,239.92,1536.90,1571.35,303.59,398.96,311.32,563.98,510.80,
618.90,485.20,290.27,1520.00,584.54,239.11,1537.97,1572.91,303.00,400.34,309.99,565.57,510.41,
619.32,485.42,288.41,1522.69,583.81,238.47,1540.17,1575.63,302.64,399.03,309.63,566.83,509.89,
619.73,485.24,288.35,1526.18,585.19,237.62,1541.68,1576.66,302.34,397.54,308.58,567.70,510.23,
620.15,484.55,289.23,1524.07,584.95,238.03,1540.06,1574.52,300.97,398.13,307.46,568.97,511.77,
620.56,482.56,290.24,1522.11,585.47,237.78,1537.60,1572.57,299.48,397.89,307.47,567.73,510.28,
620.98,483.22,289.08,1524.11,589.16,235.36,1538.61,1568.09,299.33,397.27,306.57,566.17,509.70,
621.39,484.37,287.63,1518.03,587.24,236.44,1535.51,1563.47,299.86,396.49,305.60,564.27,509.59,
621.80,480.42,288.65,1515.18,583.80,235.72,1534.16,1559.63,298.64,395.53,306.63,562.33,509.89,
622.22,478.29,288.62,1516.82,583.24,233.90,1532.31,1559.80,297.62,395.32,307.11,561.50,509.27,
622.63,475.98,287.99,1511.43,581.97,233.49,1528.93,1559.93,297.24,393.73,306.74,560.72,507.98,
623.05,475.69,287.86,1507.09,577.73,233.09,1524.60,1557.11,297.37,393.65,305.37,559.72,506.70,
623.46,473.76,287.41,1501.83,576.82,232.63,1519.84,1551.36,296.41,392.72,303.67,558.31,503.78,
623.88,470.95,285.52,1497.42,576.55,231.97,1517.94,1545.46,294.03,390.87,302.54,556.53,501.22,
624.29,474.73,284.14,1493.24,574.78,230.61,1513.25,1538.76,292.64,390.44,299.90,555.52,499.75,
624.71,472.14,281.34,1489.45,572.17,229.32,1505.46,1536.47,290.84,388.62,299.59,554.67,496.65,
625.12,467.97,280.03,1488.99,571.57,228.23,1501.50,1529.53,289.54,386.64,300.05,551.80,494.99,
625.54,465.05,279.58,1485.76,572.18,228.52,1499.28,1524.81,289.34,385.96,299.36,551.40,495.34,
625.95,465.27,279.71,1482.44,571.94,227.88,1495.96,1525.01,288.73,385.63,299.49,549.65,494.06,
626.37,463.87,279.52,1481.27,574.07,225.67,1493.79,1520.34,288.29,384.72,298.31,546.27,491.67,
626.78,464.25,277.50,1478.49,574.55,226.61,1492.53,1518.10,290.03,382.78,296.80,544.47,490.82,
627.19,463.78,277.52,1474.58,570.58,226.88,1490.12,1517.20,289.55,381.81,296.82,543.75,490.61,
627.61,462.54,278.17,1474.40,568.89,225.75,1487.94,1517.54,289.21,383.02,296.74,543.81,490.63,
628.02,461.35,275.40,1476.01,569.90,225.40,1488.57,1521.24,289.22,381.94,297.01,545.02,488.23,
628.44,461.46,275.22,1472.34,567.02,224.70,1485.92,1519.09,289.29,382.04,296.58,544.40,486.84,
628.85,463.10,275.04,1472.26,566.68,224.76,1481.31,1517.01,288.87,382.14,295.16,544.30,486.48,
629.27,461.03,275.06,1470.15,568.23,224.47,1482.23,1514.94,287.13,381.76,294.18,542.31,485.94,
629.68,464.66,274.62,1471.00,569.87,222.51,1482.08,1512.79,286.45,381.09,292.74,541.43,485.30,
630.10,464.42,275.03,1470.34,568.19,223.40,1481.93,1513.66,286.87,380.05,293.16,541.24,486.08,
630.51,461.09,276.45,1473.07,567.54,222.98,1482.66,1514.44,286.79,379.11,295.37,540.55,486.82,
630.92,459.06,276.75,1473.12,569.15,223.22,1487.77,1517.56,287.60,379.77,296.19,541.12,489.36,
631.34,461.53,278.53,1474.56,570.21,223.94,1488.71,1525.11,288.39,380.39,297.49,542.41,491.35,
631.75,464.26,279.16,1474.21,567.43,223.53,1487.86,1525.79,288.77,381.32,297.12,542.40,491.57,
632.17,464.57,279.35,1474.69,568.32,224.95,1489.37,1523.78,290.23,381.58,297.06,542.51,491.65,
632.58,466.73,279.69,1474.61,566.96,226.28,1492.84,1525.24,290.57,382.20,297.66,543.68,492.80,
633.00,469.12,280.10,1477.19,564.76,226.97,1493.39,1528.81,290.48,384.10,297.31,545.03,493.16,
633.41,468.22,278.91,1480.09,564.91,227.03,1494.77,1532.23,291.06,383.69,299.16,547.19,491.76,
633.82,469.26,278.67,1484.23,567.98,226.79,1497.90,1535.36,291.08,383.71,299.68,548.99,492.80,
634.24,470.35,279.63,1482.79,567.86,227.60,1496.43,1535.84,291.00,383.96,299.08,551.18,495.86,
634.65,469.75,280.79,1485.94,570.66,228.32,1497.04,1536.90,290.38,384.73,299.96,552.50,496.74,
635.07,470.28,280.46,1490.91,575.52,226.83,1500.98,1536.73,290.28,384.68,299.59,552.36,496.47,
635.48,471.30,280.32,1489.68,573.69,228.87,1503.23,1536.86,291.11,384.47,300.65,553.61,497.14,
635.90,470.60,282.36,1492.90,571.23,230.29,1504.42,1539.46,291.62,384.49,302.39,554.46,498.39,
636.31,469.05,282.68,1495.97,572.34,230.28,1505.95,1541.88,292.16,386.72,304.13,555.13,499.49,
636.72,469.03,282.21,1495.03,572.87,230.79,1509.44,1546.71,291.90,387.30,304.57,556.23,500.58,
637.14,471.22,282.83,1495.73,569.12,231.41,1508.58,1547.65,292.47,387.65,304.34,557.00,500.14,
637.55,470.45,282.67,1493.95,569.26,231.29,1506.24,1547.04,292.74,388.36,303.31,556.97,498.97,
637.97,470.34,282.06,1494.04,570.46,231.99,1510.16,1546.30,291.09,388.53,303.06,555.32,498.18,
638.38,474.95,281.09,1493.17,568.97,231.17,1509.17,1545.52,290.54,388.92,301.20,555.64,497.72,
638.80,473.30,280.42,1493.48,566.13,230.88,1505.98,1546.87,289.80,387.92,301.82,556.51,497.59,
639.21,471.50,280.61,1493.72,565.99,230.02,1506.12,1542.87,288.96,387.27,302.56,556.45,497.51,
639.62,469.59,281.37,1491.99,567.01,230.30,1507.13,1543.07,288.94,387.30,301.24,556.36,499.62,
640.04,468.81,281.71,1490.74,567.63,230.43,1503.86,1543.20,288.03,387.09,302.32,555.22,499.49,
640.45,468.64,282.06,1491.20,567.83,228.99,1500.47,1539.40,287.86,387.05,301.53,553.46,497.84,
640.87,469.17,281.37,1487.78,567.32,230.23,1502.00,1538.23,289.85,385.70,300.40,551.73,496.46,
641.28,467.49,281.81,1484.99,564.07,230.12,1501.32,1538.04,289.29,385.42,300.17,551.15,496.51,
641.69,468.61,281.39,1483.85,563.23,228.92,1497.30,1537.21,289.24,386.54,300.22,550.89,496.19,
642.11,465.24,278.92,1482.11,562.27,227.74,1494.96,1536.61,288.67,384.82,299.75,550.75,493.82,
642.52,465.25,278.14,1477.58,561.10,226.93,1491.59,1534.92,288.21,384.06,298.71,549.93,493.48,
642.94,464.08,277.19,1474.76,559.57,225.56,1483.40,1530.93,287.35,382.84,297.07,549.85,491.51,
643.35,460.68,276.62,1470.76,560.49,224.58,1479.71,1526.21,285.15,381.77,295.81,547.69,489.47,
643.76,460.87,275.26,1467.63,561.88,222.23,1476.47,1519.82,283.05,379.64,293.78,545.68,487.81,
644.18,458.76,274.26,1463.12,560.57,221.28,1471.85,1515.48,282.36,377.73,292.33,543.94,486.60,
644.59,455.19,273.57,1459.58,559.04,219.80,1469.02,1509.65,281.16,375.77,292.45,541.59,485.77,
645.01,451.33,272.30,1456.16,558.78,218.77,1466.71,1505.23,280.41,374.89,291.96,539.73,484.98,
645.42,449.97,271.46,1452.88,558.95,217.57,1462.09,1504.57,279.68,373.04,291.30,537.92,484.23,
645.83,450.02,270.77,1447.91,554.21,216.49,1456.63,1500.20,278.89,372.57,289.38,535.19,482.31,
646.25,448.72,269.82,1442.17,552.18,216.33,1453.14,1494.29,279.62,371.52,287.45,532.78,479.68,
646.66,447.96,268.62,1437.43,550.44,216.60,1453.34,1491.38,278.71,370.52,286.48,531.22,478.04,
647.07,449.24,267.70,1435.42,548.48,215.39,1450.42,1488.88,276.93,370.01,285.58,530.01,477.13,
647.49,448.02,265.60,1433.35,545.71,214.85,1447.47,1487.92,276.29,368.45,286.02,529.68,474.92,
647.90,444.75,264.61,1432.74,545.52,214.23,1444.87,1484.26,275.79,367.28,285.07,528.66,474.49,
648.32,444.52,264.60,1429.54,544.64,214.36,1441.96,1482.61,274.77,366.79,283.80,528.64,475.38,
648.73,443.42,264.59,1429.13,545.66,214.22,1439.62,1481.56,273.58,367.21,283.88,527.68,473.76,
649.14,443.97,264.15,1430.79,547.32,213.41,1441.23,1477.42,273.85,366.56,282.61,526.42,473.45,
649.56,444.94,263.95,1427.46,545.76,214.29,1441.22,1477.31,273.81,366.63,282.18,525.11,473.21,
649.97,444.62,265.25,1429.78,543.51,214.88,1443.54,1478.48,274.17,366.55,282.91,525.11,473.99,
650.38,445.06,264.92,1430.75,542.85,215.47,1442.28,1478.34,274.21,367.54,284.25,525.56,473.88,
650.80,443.77,263.95,1429.96,542.43,215.00,1441.88,1480.22,274.19,366.70,284.43,526.04,473.74,
651.21,443.96,264.14,1427.40,539.85,214.71,1438.59,1479.26,274.21,366.74,283.91,525.29,472.69,
651.63,443.53,263.50,1423.77,537.47,214.46,1433.51,1475.43,274.54,366.42,282.77,525.12,471.22,
652.04,440.88,262.53,1419.23,537.47,213.86,1429.00,1469.97,272.49,364.95,282.08,522.81,469.07,
652.45,442.79,261.25,1414.51,536.11,212.52,1424.71,1465.51,271.08,362.88,279.58,521.00,466.97,
652.87,440.04,259.35,1407.52,532.76,210.71,1415.88,1459.20,269.61,360.81,278.92,519.08,465.12,
653.28,436.30,257.38,1403.05,529.68,209.73,1408.79,1448.97,268.67,359.18,277.85,515.90,463.47,
653.69,433.44,256.44,1395.56,529.46,208.62,1404.04,1441.45,267.04,357.66,276.10,514.03,462.94,
654.11,432.97,255.97,1390.32,527.89,208.12,1398.88,1439.34,265.69,356.92,276.59,512.33,461.95,
654.52,431.81,254.97,1387.69,527.20,206.29,1395.54,1432.83,265.37,356.64,275.58,509.93,459.49,
654.93,431.58,254.23,1382.32,527.09,206.87,1394.61,1427.90,266.52,355.29,274.84,508.46,458.73,
655.35,430.87,254.68,1380.30,524.17,207.23,1393.12,1428.75,266.09,355.59,274.90,507.55,458.70,
655.76,431.33,254.55,1381.88,523.67,206.96,1392.00,1428.46,267.30,357.01,275.81,508.69,459.28,
656.17,429.66,252.31,1382.77,524.27,207.05,1391.78,1429.88,267.67,356.34,276.27,509.53,458.13,
656.59,429.30,252.98,1382.78,525.02,207.19,1393.56,1432.09,268.10,356.78,275.98,510.51,458.92,
657.00,431.63,254.40,1385.90,524.75,208.05,1391.35,1433.30,269.08,357.80,275.38,513.00,460.36,
657.42,431.73,255.81,1389.53,526.92,208.85,1395.06,1435.43,269.20,358.64,276.42,514.38,461.27,
657.83,434.36,256.35,1396.07,532.94,208.36,1402.09,1439.12,269.48,360.10,275.94,515.29,462.99,
658.24,438.61,257.71,1403.55,533.75,210.36,1409.66,1448.06,271.24,362.45,278.00,518.04,466.76,
658.66,439.26,259.88,1413.33,535.69,211.00,1418.20,1453.58,272.93,365.39,281.34,520.65,470.23,
659.07,439.97,262.33,1424.32,540.34,212.82,1429.69,1462.85,274.87,368.29,284.28,524.65,474.47,
659.48,442.29,265.15,1433.47,546.17,215.25,1439.37,1477.02,276.94,371.30,286.47,529.61,478.35,
659.90,446.33,267.66,1443.56,545.41,216.97,1446.77,1485.76,279.35,373.85,288.07,532.33,480.50,
660.31,447.07,269.63,1448.68,548.53,218.90,1455.17,1490.84,282.37,376.18,288.86,534.63,481.81,
660.72,446.89,271.60,1452.87,551.14,221.34,1461.28,1495.88,283.52,377.71,289.59,536.65,483.36,
661.14,451.74,272.50,1456.96,550.66,221.39,1465.91,1502.18,284.04,378.96,289.23,538.88,485.42,
661.55,450.69,271.55,1461.08,551.17,221.79,1468.19,1507.05,284.11,378.66,291.22,540.74,485.29,
661.96,449.55,270.92,1463.78,552.31,221.45,1469.96,1508.02,284.00,377.96,292.09,541.37,486.18,
662.38,449.39,272.35,1464.45,552.32,222.55,1472.07,1508.29,283.55,378.86,292.13,543.75,489.42,
662.79,448.94,273.56,1465.02,552.36,222.09,1472.17,1510.29,283.81,379.36,293.10,544.26,489.21,
663.20,448.44,272.91,1466.94,557.70,220.66,1476.91,1508.27,282.65,379.80,293.34,542.26,488.11,
663.62,449.42,272.15,1463.91,557.52,222.35,1479.48,1509.23,283.01,379.55,293.39,541.94,487.42,
664.03,449.41,274.09,1463.38,555.67,222.60,1479.76,1509.72,283.22,379.65,294.69,542.10,488.49,
664.44,448.19,273.63,1463.09,554.68,222.94,1480.22,1510.32,283.82,380.59,295.16,543.10,488.93,
664.85,446.38,272.08,1462.50,555.58,223.19,1480.78,1515.50,283.04,380.36,295.61,543.47,488.87,
665.27,449.02,272.87,1460.88,553.85,224.06,1480.22,1517.12,283.90,381.08,294.47,544.40,489.28,
665.68,450.83,272.93,1459.45,552.04,223.87,1477.57,1515.14,284.64,380.77,294.36,545.19,488.84,
666.09,448.19,273.07,1457.26,553.51,223.44,1478.93,1514.04,283.26,380.13,294.10,544.20,487.63,
666.51,452.20,272.34,1458.42,553.59,222.92,1477.08,1513.99,282.52,379.88,292.49,544.26,487.20,
666.92,454.81,271.77,1458.14,551.42,222.43,1476.39,1514.53,282.34,379.36,293.12,544.58,487.57,
667.33,454.27,271.02,1458.66,549.73,221.87,1476.06,1510.85,281.74,378.42,294.28,543.06,487.44,
667.75,452.90,271.38,1455.66,551.44,221.33,1476.55,1508.88,282.22,378.60,294.05,542.57,488.57,
668.16,453.67,271.97,1455.52,551.63,221.46,1475.88,1511.98,281.96,378.38,294.06,542.60,488.24,
668.57,454.99,272.02,1456.26,551.90,220.95,1473.85,1510.14,281.75,378.28,294.28,541.05,486.98,
668.99,455.64,271.16,1453.23,552.52,221.81,1471.80,1507.49,282.09,377.15,293.19,539.95,486.23,
669.40,455.91,271.63,1452.22,550.00,222.27,1472.82,1508.68,282.46,377.44,292.58,539.52,486.80,
669.81,456.26,271.05,1452.20,548.69,221.90,1469.51,1507.59,282.48,377.85,292.86,539.69,486.55,
670.23,455.08,268.59,1453.09,547.99,221.80,1468.63,1507.48,282.27,376.70,293.42,539.54,484.81,
670.64,454.18,268.18,1451.99,547.59,221.31,1466.52,1508.11,281.88,376.12,292.78,539.18,484.71,
671.05,453.22,268.77,1450.12,546.91,221.28,1462.72,1505.69,282.01,375.37,291.54,539.64,484.56,
671.46,451.43,268.20,1448.77,546.85,220.64,1459.54,1503.29,280.56,374.87,291.81,538.77,483.29,
671.88,451.04,267.81,1450.50,548.11,219.28,1459.86,1502.00,279.52,374.25,290.75,536.87,482.72,
672.29,452.12,266.77,1451.04,547.11,219.89,1459.36,1501.00,279.57,374.40,290.52,536.78,483.27,
672.70,450.31,266.88,1451.80,546.60,219.19,1457.61,1499.49,279.57,374.03,291.34,535.45,483.63,
673.12,447.81,266.62,1452.26,546.91,219.04,1458.03,1499.07,279.69,375.45,291.85,534.91,483.68,
673.53,446.95,266.69,1452.74,548.83,219.38,1458.51,1501.56,279.42,375.54,291.70,535.95,484.25,
673.94,448.43,267.36,1451.88,547.44,219.37,1456.42,1500.93,278.87,375.61,291.13,535.94,484.16,
674.35,447.46,267.02,1449.25,547.67,219.34,1455.00,1497.09,279.59,376.01,290.33,535.11,483.03,
674.77,446.30,266.38,1447.50,547.02,219.96,1455.09,1494.53,278.67,375.60,289.74,534.74,481.94,
675.18,448.79,265.98,1448.13,545.98,219.37,1455.13,1495.05,278.32,375.97,288.53,534.40,482.00,
675.59,447.51,264.67,1448.26,545.59,219.16,1452.56,1494.85,277.39,374.71,289.65,535.01,481.22,
676.01,445.43,263.95,1448.10,545.82,218.85,1451.80,1494.43,277.08,374.23,289.28,534.23,481.26,
676.42,444.82,264.49,1446.68,545.19,218.67,1451.36,1492.81,276.49,374.22,288.34,535.06,482.69,
676.83,445.37,265.36,1446.35,545.53,218.43,1449.50,1490.13,275.92,374.34,289.30,534.82,482.07,
677.24,445.89,264.99,1447.88,547.49,217.53,1449.47,1486.73,275.66,374.07,289.35,533.80,481.25,
677.66,446.99,264.07,1444.68,547.15,218.18,1450.80,1486.22,276.63,373.57,288.39,532.98,480.49,
678.07,446.88,264.94,1443.48,545.17,218.23,1449.67,1483.84,276.65,373.32,288.37,533.62,480.40,
678.48,445.75,264.62,1441.11,544.36,217.94,1449.33,1484.17,276.29,374.08,288.95,533.35,479.93,
678.89,444.34,263.48,1440.19,544.88,217.69,1450.15,1486.32,276.26,372.99,289.53,533.93,478.51,
679.31,444.59,263.27,1438.80,543.27,217.44,1447.17,1485.97,276.49,371.49,289.03,533.40,478.21,
679.72,444.44,263.36,1436.51,541.56,217.16,1442.58,1482.37,277.02,370.76,288.15,533.30,477.15,
680.13,442.40,262.89,1435.08,541.77,216.78,1440.87,1480.00,275.99,369.92,287.90,531.73,475.58,
680.55,444.00,261.86,1436.45,540.22,215.81,1438.86,1479.07,275.09,368.74,286.09,531.45,474.75,
680.96,443.34,261.77,1434.51,538.46,214.90,1434.51,1477.91,275.13,367.31,285.20,530.48,474.76,
681.37,438.82,261.15,1429.75,536.33,213.97,1429.75,1471.49,274.13,366.03,285.70,528.09,472.84,
681.78,436.36,260.01,1423.59,534.55,212.51,1424.65,1467.19,274.01,364.94,284.29,525.69,472.17,
682.20,434.79,259.69,1419.07,531.93,211.48,1418.36,1461.37,272.24,362.21,283.17,523.15,470.10,
682.61,433.26,258.69,1412.53,529.33,209.56,1409.63,1451.32,271.19,360.20,281.34,519.18,466.25,
683.02,430.39,256.66,1401.24,527.62,208.96,1400.14,1441.60,270.97,357.19,278.30,514.60,461.94,
683.43,427.26,255.06,1389.54,522.38,208.06,1391.39,1432.63,268.80,354.44,276.05,510.49,458.66,
683.85,423.74,252.85,1379.88,516.61,205.48,1380.25,1421.23,265.82,351.55,273.34,506.27,454.95,
684.26,417.84,248.69,1366.92,511.84,203.21,1366.92,1410.31,263.15,346.87,271.14,500.80,448.85,
684.67,414.43,245.73,1355.38,506.49,200.86,1351.91,1397.75,260.18,342.41,267.69,495.51,443.90,
685.08,410.65,244.29,1342.21,501.04,198.90,1337.92,1383.50,256.56,339.16,262.99,491.69,440.65,
685.50,405.27,242.25,1330.53,496.73,197.12,1326.98,1369.95,252.50,335.69,260.59,486.48,435.62,
685.91,403.13,240.04,1322.23,495.64,193.59,1317.84,1359.31,249.41,332.15,256.79,480.68,431.64,
686.32,401.82,237.39,1311.46,490.49,193.05,1309.04,1347.74,247.26,329.28,254.31,476.58,427.82,
686.73,397.49,236.41,1300.38,485.05,191.01,1298.75,1336.22,244.76,326.42,253.32,471.61,424.16,
687.15,393.94,234.22,1291.73,482.44,189.56,1292.97,1330.43,242.87,325.20,252.34,468.04,421.32,
687.56,392.06,232.65,1287.29,481.54,189.37,1288.95,1328.91,241.81,323.38,250.76,467.18,420.56,
687.97,392.85,233.15,1284.73,478.05,189.08,1286.83,1324.18,241.12,322.97,249.52,466.09,418.45,
688.38,392.56,232.80,1278.16,476.57,188.47,1284.49,1319.10,241.87,322.71,248.84,464.54,416.84,
688.79,392.39,232.00,1276.33,475.87,188.78,1284.38,1318.28,239.42,322.26,248.95,463.16,415.70,
689.21,395.97,230.91,1279.24,474.56,188.00,1285.61,1319.60,239.19,322.25,247.69,463.52,416.36,
689.62,394.84,230.61,1281.95,473.55,188.27,1286.63,1322.37,239.33,321.87,248.48,465.04,416.33,
690.03,394.68,230.59,1285.92,476.95,188.18,1289.76,1324.71,239.75,322.23,249.56,465.23,418.13,
690.44,396.02,231.72,1288.33,480.51,188.41,1293.03,1327.60,240.04,323.26,249.86,468.14,422.47,
690.86,394.14,232.34,1291.00,482.20,188.52,1293.99,1329.47,240.25,323.39,251.15,468.95,423.42,
691.27,394.77,232.35,1293.71,483.59,188.16,1295.43,1329.76,240.72,324.39,251.45,469.21,423.51,
691.68,397.60,232.00,1293.70,485.14,189.74,1298.02,1331.22,242.35,324.72,250.76,468.75,423.90,
692.09,396.42,233.16,1293.45,483.25,190.61,1298.67,1330.36,242.71,325.43,251.18,469.58,424.42,
692.50,395.22,233.10,1293.46,482.42,190.38,1299.16,1333.77,243.40,326.87,251.94,471.03,425.02,
692.92,394.00,231.79,1296.36,484.86,190.58,1302.56,1339.35,244.87,326.86,252.62,473.11,425.69,
693.33,396.39,232.68,1297.55,485.07,191.03,1303.82,1341.45,246.12,327.19,252.61,474.55,427.07,
693.74,397.56,233.65,1297.29,483.60,190.41,1302.27,1339.40,246.55,327.15,251.99,475.45,427.22,
694.15,394.71,233.62,1297.51,484.67,190.70,1303.47,1338.82,245.78,326.56,252.66,474.80,426.61,
694.57,399.21,233.65,1303.98,488.29,189.58,1303.51,1341.75,245.78,326.69,250.21,475.70,426.96,
694.98,400.64,233.55,1304.44,486.55,191.06,1303.49,1345.26,247.31,326.82,250.16,477.30,428.17,
695.39,397.14,235.09,1304.60,486.14,190.59,1304.12,1342.82,247.42,326.27,252.02,475.98,428.10,
695.80,394.79,234.65,1302.32,487.57,190.49,1305.28,1343.77,247.98,327.68,252.91,475.97,429.58,
696.21,395.81,235.22,1302.40,487.58,190.60,1304.42,1347.78,247.57,328.00,253.12,476.74,429.85,
696.63,396.74,237.27,1302.54,485.36,191.41,1305.63,1347.36,248.35,329.50,253.24,476.34,428.17,
697.04,400.40,238.08,1302.74,487.21,192.57,1308.53,1347.99,250.97,330.42,253.34,475.90,427.49,
697.45,401.68,238.92,1304.26,488.56,193.60,1311.77,1350.38,251.52,330.89,254.20,476.23,428.50,
697.86,403.32,239.59,1305.48,486.82,193.47,1311.48,1352.96,251.87,332.37,254.33,478.09,429.52,
698.27,400.97,237.64,1307.73,486.93,193.83,1313.83,1357.65,252.89,332.48,257.05,479.17,428.42,
698.69,401.81,237.71,1309.96,487.79,193.60,1313.89,1358.29,252.33,331.84,257.38,479.08,429.35,
699.10,402.65,238.81,1309.61,487.27,194.23,1311.88,1356.18,251.87,331.66,257.27,480.17,432.18,
699.51,398.69,238.93,1309.64,487.60,194.47,1309.64,1352.67,250.11,331.57,257.86,478.71,430.81,
699.92,398.98,238.29,1312.17,492.79,193.12,1310.43,1349.81,249.29,332.68,257.11,476.86,429.38,
700.33,401.30,238.04,1313.15,491.26,194.81,1310.23,1349.36,249.43,332.67,256.15,476.37,429.63,
700.75,397.61,240.04,1310.06,488.92,195.86,1311.83,1346.00,249.76,332.82,258.60,475.96,431.48,
701.16,394.97,240.55,1309.64,489.41,195.11,1313.80,1345.87,250.05,335.58,259.85,475.75,432.09,
701.57,396.34,239.18,1310.56,490.34,196.08,1315.95,1353.07,249.96,336.47,260.14,477.17,433.46,
701.98,400.51,240.91,1314.15,487.24,197.24,1315.96,1353.90,250.54,336.67,259.58,477.90,433.94,
702.39,401.85,242.38,1313.86,488.39,198.20,1317.49,1350.18,253.57,336.79,259.63,479.61,433.62,
702.80,403.14,241.46,1319.03,491.44,199.13,1322.08,1352.53,252.72,337.67,260.34,479.26,433.89,
703.22,409.09,241.60,1322.20,491.15,199.03,1327.71,1357.11,253.23,338.36,258.44,482.27,436.34,
703.63,408.23,241.06,1325.04,491.35,199.80,1330.58,1361.99,253.68,338.34,260.76,484.88,437.17,
704.04,407.07,241.64,1330.26,494.43,200.44,1336.46,1364.96,254.96,338.61,263.02,484.83,438.98,
704.45,410.43,243.21,1332.80,497.62,200.54,1339.66,1367.68,255.66,339.74,263.45,487.35,444.06,
704.86,409.24,244.98,1335.34,499.97,201.18,1340.34,1373.51,256.56,341.66,265.32,489.02,444.90,
705.27,411.92,245.58,1342.05,502.48,201.24,1342.05,1372.87,257.53,343.06,266.33,489.28,444.94,
705.69,416.51,245.86,1341.18,504.36,203.20,1346.87,1375.94,260.08,343.20,266.72,490.46,445.27,
706.10,417.02,249.13,1342.45,500.17,204.70,1349.43,1378.63,260.24,344.02,267.54,491.28,447.48,
706.51,415.53,249.19,1340.92,499.02,204.58,1347.93,1380.43,261.30,347.02,268.63,493.28,449.95,
706.92,415.09,246.62,1343.29,500.29,205.63,1349.05,1387.49,262.64,346.23,270.64,495.17,448.08,
707.33,416.54,247.16,1344.11,500.75,206.02,1349.90,1389.75,263.23,346.15,270.30,496.57,449.65,
707.74,416.74,248.69,1344.39,500.60,207.08,1347.62,1387.61,264.17,346.10,269.01,499.31,449.96,
708.16,415.05,249.36,1343.08,502.60,207.53,1349.57,1386.53,262.97,347.93,270.43,500.33,450.40,
708.57,420.42,248.99,1351.21,506.46,205.65,1350.56,1388.37,261.70,348.72,269.20,499.29,451.06,
708.98,418.18,249.01,1350.09,504.57,208.11,1351.40,1389.36,262.43,348.81,269.95,499.98,453.19,
709.39,411.96,250.00,1349.55,503.95,207.95,1350.21,1383.71,261.83,350.20,271.68,498.69,454.67,
709.80,410.32,250.35,1349.04,505.97,208.13,1350.36,1384.66,261.56,352.93,272.12,498.06,456.17,
710.21,409.62,252.13,1346.65,503.59,208.78,1348.64,1386.36,261.72,352.71,271.98,499.29,456.94,
710.63,406.99,252.29,1345.11,498.61,209.80,1345.11,1382.29,261.59,353.21,270.22,498.28,454.79,
711.04,407.36,252.02,1339.43,498.70,210.01,1342.76,1376.09,263.35,354.02,268.69,497.03,452.70,
711.45,406.43,252.09,1333.78,497.49,210.24,1341.14,1372.61,261.47,353.20,267.83,495.14,450.95,
711.86,404.68,249.73,1329.00,494.09,209.06,1335.72,1368.66,260.15,352.25,264.86,493.08,449.05,
712.27,399.34,244.94,1323.71,490.56,207.10,1327.76,1364.25,258.46,348.66,264.88,491.91,443.94,
712.68,397.80,242.68,1316.94,489.44,205.01,1319.66,1356.99,255.92,344.85,262.71,486.72,439.21,
713.09,395.68,241.09,1304.87,484.90,201.93,1308.27,1342.33,251.64,341.54,258.11,483.54,437.23,
713.51,389.14,238.34,1291.89,480.78,198.33,1293.94,1329.51,246.89,336.82,256.46,476.68,430.86,
713.92,386.89,233.99,1282.31,479.66,193.10,1278.19,1311.86,242.58,332.26,252.89,467.64,423.31,
714.33,382.81,229.34,1260.85,472.47,191.06,1258.09,1293.95,240.37,325.21,247.27,459.02,415.57,
714.74,373.81,227.40,1237.73,461.72,187.60,1238.42,1270.95,235.02,318.78,242.98,450.30,408.42,
715.15,365.59,222.06,1217.00,451.77,182.45,1215.61,1252.45,230.40,314.50,239.79,442.39,400.34,
715.56,359.58,217.14,1196.73,444.06,178.39,1196.04,1235.14,225.87,305.12,235.30,434.64,389.25,
715.97,355.17,214.01,1174.79,431.53,174.43,1173.38,1214.02,222.07,297.37,228.72,426.27,381.44,
716.38,350.72,209.10,1152.68,423.12,170.09,1154.79,1189.23,218.59,291.33,222.80,416.79,371.81,
716.80,346.67,204.76,1133.92,419.40,166.28,1137.45,1171.34,212.88,285.25,219.58,408.80,365.03,
717.21,345.90,201.30,1120.63,414.66,161.25,1123.47,1156.78,209.81,278.56,213.35,402.96,359.72,
717.62,339.30,196.32,1108.95,407.59,158.62,1109.66,1146.65,206.64,273.86,210.20,397.63,355.66,
718.03,334.92,193.88,1099.01,404.19,155.68,1100.44,1134.00,204.59,270.65,209.59,392.40,353.84,
718.44,332.26,193.70,1090.59,404.59,154.67,1093.45,1129.26,203.37,269.60,208.38,391.34,355.18,
718.85,328.44,193.98,1085.70,403.73,153.82,1090.01,1125.14,201.87,268.56,207.96,389.75,353.89,
719.26,327.48,193.91,1086.59,401.46,154.05,1088.74,1119.62,201.45,268.95,207.91,388.53,353.34,
719.67,330.49,192.90,1084.15,403.05,156.26,1087.74,1115.04,203.68,269.42,206.91,387.61,353.48,
720.08,329.30,196.22,1081.89,400.33,158.55,1091.93,1115.61,204.83,270.47,207.34,388.85,354.05,
720.50,327.50,196.71,1087.11,399.16,158.37,1097.86,1120.80,204.95,273.39,208.54,390.92,356.16,
720.91,325.42,194.25,1091.66,400.68,159.13,1102.41,1126.79,206.08,273.09,211.09,392.80,356.60,
721.32,329.37,195.48,1097.68,405.27,159.68,1106.99,1130.61,207.65,273.52,211.59,394.53,356.58,
721.73,333.54,196.83,1102.97,405.83,161.76,1109.41,1134.47,208.64,276.64,211.86,399.75,361.10,
722.14,330.64,197.24,1110.28,409.54,162.45,1115.30,1134.66,206.92,278.64,214.81,400.57,362.56,
722.55,337.98,198.11,1121.08,416.36,160.72,1117.48,1139.77,206.74,280.09,213.93,402.34,364.22,
722.96,338.59,198.11,1123.12,417.12,163.89,1122.40,1142.57,208.20,280.60,213.96,403.07,365.25,
723.37,334.97,198.89,1126.93,416.55,164.60,1123.32,1139.92,207.19,281.19,216.22,402.84,366.38,
723.78,333.48,199.66,1127.04,415.95,165.66,1123.42,1140.78,207.25,283.57,217.02,402.20,367.84,
724.19,333.20,200.28,1126.35,415.05,166.60,1120.56,1144.46,207.16,281.77,215.85,403.10,365.43,
724.61,332.52,201.11,1122.42,408.75,166.98,1117.34,1139.12,207.28,281.69,213.81,401.12,363.37,
725.02,333.77,200.41,1115.72,406.64,167.25,1112.80,1133.21,209.88,281.30,213.16,399.36,361.46,
725.43,334.71,201.05,1111.07,405.76,167.72,1111.07,1130.11,209.84,280.15,211.67,396.24,359.61,
725.84,334.37,201.07,1109.18,405.08,166.45,1109.91,1130.53,208.43,279.50,207.69,396.24,359.41,
726.25,330.36,196.73,1107.64,401.63,165.92,1108.38,1134.36,207.87,279.14,208.61,396.80,358.20,
726.66,332.69,196.62,1108.71,402.22,165.22,1105.72,1133.39,207.46,277.74,209.71,395.49,358.48,
727.07,334.92,199.07,1111.63,404.16,165.58,1107.86,1136.46,209.23,278.85,209.98,399.64,362.39,
727.48,332.65,200.80,1113.90,406.16,166.33,1110.87,1141.18,209.14,280.37,211.79,400.85,364.86,
727.89,337.77,201.29,1121.57,411.72,166.21,1116.23,1142.15,210.06,282.49,213.49,401.43,365.98,
728.30,343.83,202.55,1124.91,415.05,170.38,1120.32,1147.12,214.42,283.72,213.65,402.41,368.72,
728.71,341.23,205.58,1130.52,414.24,172.92,1125.14,1151.27,216.34,286.28,217.11,405.41,371.97,
729.12,341.88,207.60,1135.99,412.88,174.03,1131.36,1161.46,218.79,291.33,220.72,409.02,375.83,
729.54,345.49,208.76,1142.59,413.65,175.45,1140.26,1175.90,220.77,292.81,224.26,412.88,377.25,
729.95,349.78,212.98,1150.38,418.18,177.22,1146.49,1183.03,224.63,295.76,226.58,417.79,381.65,
730.36,355.89,215.41,1158.98,422.23,179.12,1158.20,1187.86,227.89,299.31,229.45,423.79,385.16,
730.77,361.17,217.41,1168.12,429.33,181.37,1170.47,1196.32,227.98,303.58,234.64,427.37,389.76,
731.18,371.01,219.70,1186.12,438.61,181.57,1181.41,1206.56,228.74,305.77,234.24,432.32,394.19,
731.59,371.40,220.79,1196.19,442.36,184.91,1191.46,1220.64,231.43,310.28,238.53,438.03,400.57,
732.00,374.52,222.50,1209.08,446.58,187.26,1202.75,1231.25,234.77,314.74,245.46,441.83,406.19,
732.41,379.19,227.28,1219.29,454.56,189.20,1212.15,1242.30,237.59,320.09,248.70,448.21,414.50,
732.82,380.08,231.39,1230.88,458.00,192.82,1222.93,1257.92,240.13,324.82,250.87,454.82,419.84,
733.23,383.34,234.31,1240.07,459.05,195.26,1231.31,1264.78,242.28,329.15,253.43,456.66,424.38,
733.64,389.29,235.81,1244.60,465.23,199.44,1242.20,1270.18,248.60,332.53,254.99,459.63,428.06,
734.05,390.30,240.83,1251.84,465.63,202.76,1248.64,1278.29,251.25,334.20,256.86,462.43,431.57,
734.46,389.83,243.14,1257.10,466.19,203.35,1256.30,1286.84,251.98,337.99,256.40,466.59,434.44,
734.87,390.37,239.95,1261.45,469.42,205.67,1264.68,1296.94,254.07,338.35,260.11,471.03,435.14,
735.28,392.08,242.52,1268.39,475.34,206.14,1268.39,1300.72,255.86,338.32,261.52,474.13,436.54,
735.69,396.30,245.56,1273.20,476.54,208.28,1270.77,1300.75,256.50,340.38,261.37,480.18,439.66,
736.10,400.70,245.46,1276.86,480.35,209.29,1274.43,1301.25,254.40,341.77,264.15,481.16,440.12,
736.51,407.08,246.28,1284.73,486.86,207.20,1274.96,1302.64,254.83,342.35,264.60,481.16,441.68,
736.93,406.62,247.40,1287.62,491.53,211.07,1275.37,1304.77,258.83,343.34,263.73,483.37,442.95,
737.34,401.95,249.68,1288.53,489.54,212.43,1278.70,1305.72,259.92,344.64,266.87,483.81,445.34,
737.75,402.08,249.87,1289.95,490.71,213.35,1280.93,1311.29,260.53,349.16,269.15,486.60,448.04,
738.16,400.88,251.79,1292.20,491.25,215.64,1279.87,1318.48,262.05,347.90,270.27,490.43,446.89,
738.57,400.05,254.35,1292.33,486.48,217.31,1281.63,1319.49,263.82,347.78,271.22,491.00,447.79,
738.98,404.52,255.51,1289.52,489.55,218.77,1286.21,1316.76,268.31,348.80,273.67,491.62,447.86,
739.39,407.95,256.52,1288.39,492.35,220.52,1287.56,1317.35,268.93,350.44,276.38,491.94,447.25,
739.80,408.77,257.45,1294.30,494.17,220.55,1288.50,1322.49,269.06,351.14,274.86,494.59,448.98,
740.21,405.13,254.97,1297.75,491.65,221.70,1294.42,1330.19,269.53,352.31,279.51,497.47,450.05,
740.62,407.65,254.26,1299.65,493.52,222.17,1297.15,1331.32,270.10,353.05,284.69,497.27,451.00,
741.03,410.20,256.90,1303.28,494.58,223.90,1296.60,1335.03,270.26,355.90,286.14,502.10,457.40,
741.44,408.40,259.85,1305.54,497.95,225.96,1299.68,1339.02,269.06,357.35,288.31,502.97,459.45,
741.85,413.45,259.98,1309.97,498.16,225.18,1304.10,1341.84,271.30,360.20,289.75,501.09,462.10,
742.26,411.80,260.95,1310.20,502.57,229.43,1307.68,1344.66,276.08,362.22,289.52,501.31,463.91,
742.67,408.76,264.22,1313.09,501.47,231.77,1308.88,1347.65,276.44,366.20,290.35,503.16,465.65,
743.08,408.81,263.96,1315.13,494.97,231.86,1311.75,1352.30,276.63,369.12,292.67,504.68,467.52,
743.49,408.92,260.76,1314.82,493.59,232.40,1314.82,1358.00,276.43,367.02,295.47,507.13,466.07,
743.90,411.40,262.11,1317.34,496.23,232.85,1316.49,1358.91,277.38,365.17,294.77,508.53,465.69,
744.31,416.02,263.31,1316.12,495.14,232.68,1322.07,1355.25,277.35,367.53,294.36,509.60,466.64,
744.72,420.08,262.98,1319.16,497.78,233.52,1323.43,1353.31,274.93,369.28,297.13,509.31,466.61,
745.13,426.16,261.43,1326.40,505.74,231.48,1322.12,1355.50,273.84,369.68,293.95,508.74,465.95,
745.54,423.33,261.04,1330.09,504.04,232.70,1322.36,1358.43,274.35,369.23,292.81,510.48,467.98,
745.95,424.86,261.55,1330.60,501.56,231.39,1322.84,1354.73,272.76,369.71,294.73,510.18,469.67,
746.36,426.44,262.42,1328.52,503.27,231.35,1319.03,1355.28,272.78,373.35,293.07,511.04,472.62,
746.77,422.73,263.67,1329.58,503.13,232.11,1315.75,1359.83,274.47,372.59,290.90,512.64,470.28,
747.18,421.97,266.01,1327.43,499.09,231.78,1314.44,1356.89,275.97,372.58,289.83,510.78,470.06,
747.59,425.75,265.88,1320.69,498.73,234.16,1314.61,1351.97,279.78,373.62,288.90,509.16,468.76,
748.00,420.89,267.09,1317.57,498.45,235.28,1310.60,1351.56,279.72,373.40,288.87,509.34,467.95,
748.41,415.94,266.52,1318.61,494.59,234.19,1307.25,1350.94,279.19,371.38,286.62,510.75,467.94,
748.82,413.17,262.73,1315.84,491.25,233.78,1309.70,1352.68,278.96,368.43,288.61,510.54,468.44,
749.23,413.91,261.88,1310.27,492.12,232.00,1307.63,1349.81,278.13,366.89,287.80,508.82,467.07,
749.64,414.08,264.75,1310.96,491.61,231.71,1303.03,1347.96,277.96,368.27,286.77,510.99,469.14,
750.05,409.38,265.70,1311.26,491.61,231.66,1304.19,1343.98,275.87,368.71,287.36,508.41,467.74,
750.46,414.68,264.49,1316.69,496.20,228.60,1300.74,1339.73,276.01,367.72,286.64,505.50,467.84,
750.87,411.98,262.37,1315.86,497.22,231.74,1299.88,1338.06,276.58,367.14,284.57,504.77,467.03,
751.28,404.52,265.52,1314.26,491.84,231.67,1300.89,1332.97,275.33,368.44,286.02,504.76,470.01,
751.69,402.49,264.16,1312.77,487.27,232.03,1301.16,1331.51,274.42,370.80,287.36,503.78,469.86,
752.10,401.90,264.36,1309.29,489.42,232.65,1297.68,1334.30,275.08,367.96,288.47,503.71,465.75,
752.51,402.20,264.70,1307.83,487.30,233.80,1297.08,1333.81,275.00,366.82,287.99,502.98,464.91,
752.92,405.32,264.67,1302.24,488.90,233.67,1301.34,1326.51,275.91,366.68,287.14,502.38,464.64,
753.33,406.38,263.11,1298.42,491.98,232.92,1299.32,1321.85,273.02,364.93,288.79,498.73,462.69,
753.74,406.63,260.24,1300.32,492.48,229.52,1295.80,1320.20,271.54,362.81,282.83,498.35,461.75,
754.15,403.58,256.66,1296.89,488.83,228.54,1291.45,1317.75,268.90,360.95,281.60,496.08,459.35,
754.56,400.70,253.50,1284.78,484.29,225.79,1281.14,1305.68,264.41,357.99,281.22,490.20,454.76,
754.96,398.72,252.16,1272.62,481.56,222.12,1263.52,1291.74,261.26,355.93,278.56,487.47,450.61,
755.37,389.00,249.29,1259.22,477.57,217.78,1243.70,1274.75,256.14,348.36,272.57,478.94,442.42,
755.78,384.47,243.04,1233.95,465.02,212.37,1217.47,1243.11,249.90,340.98,265.92,465.48,431.61,
756.19,376.03,235.71,1195.97,454.91,206.82,1183.13,1206.06,246.71,331.55,256.80,450.78,418.68,
756.60,359.55,229.43,1157.72,435.87,200.92,1141.17,1166.91,240.46,320.46,246.90,434.03,403.68,
757.01,340.97,220.71,1108.63,414.70,191.22,1096.65,1127.06,231.77,307.80,235.46,417.00,386.59,
757.42,326.76,205.84,1057.81,395.06,182.30,1048.58,1085.50,219.22,289.84,225.68,398.29,365.06,
757.83,313.50,196.05,1007.08,378.23,172.01,999.68,1035.75,209.46,273.73,211.77,379.16,345.40,
758.24,296.75,185.93,956.08,357.02,162.28,952.37,982.05,197.99,258.73,198.45,360.73,327.81,
758.65,278.86,174.75,910.01,341.14,151.98,907.22,929.53,184.98,244.00,188.23,338.35,309.07,
759.06,273.04,163.08,875.04,329.89,139.78,860.13,881.56,172.40,230.17,175.19,319.17,292.14,
759.47,254.28,152.85,834.81,310.37,134.15,816.12,842.29,164.06,218.29,162.19,303.82,275.78,
759.88,237.35,146.82,795.55,293.64,125.71,774.91,798.36,153.86,205.92,154.79,284.73,260.80,
760.29,229.53,139.22,761.97,279.39,119.00,742.22,764.80,145.81,197.08,147.69,271.39,249.29,
760.70,221.40,134.25,735.81,267.57,113.06,713.20,740.52,138.97,187.49,138.97,260.50,237.42,
761.11,213.47,131.30,713.15,253.15,109.57,693.32,716.93,134.13,182.30,131.77,248.89,227.17,
761.52,213.93,128.74,694.79,247.06,108.86,684.38,701.42,133.94,177.48,127.79,242.80,221.97,
761.92,212.64,128.15,693.92,246.81,108.69,683.47,700.56,134.32,175.62,127.68,242.06,220.23,
762.33,214.03,129.84,702.02,249.23,109.39,691.55,711.53,133.65,175.98,125.09,246.37,222.59,
762.74,215.73,128.87,718.80,254.87,111.69,712.12,731.21,135.07,178.98,130.78,254.40,227.19,
763.15,225.65,133.38,744.82,266.76,114.74,737.17,756.30,140.07,184.05,140.07,264.85,235.69,
763.56,235.70,141.80,777.99,277.85,119.76,766.49,789.49,148.03,194.50,146.59,281.69,250.07,
763.97,243.36,151.02,813.75,294.34,125.53,804.13,824.33,152.94,205.84,156.79,294.82,263.56,
764.38,260.52,159.20,857.77,317.44,129.78,843.30,861.63,162.10,217.10,165.48,307.79,277.88,
764.79,271.82,167.83,897.68,334.70,140.26,879.31,902.52,176.05,229.26,173.64,324.54,293.10,
765.20,278.69,180.13,933.18,343.75,149.06,916.67,939.98,184.99,241.31,184.50,339.87,309.28,
765.61,294.01,189.35,967.69,356.31,154.31,954.06,981.32,193.25,255.07,196.17,355.34,325.65,
766.02,306.12,193.03,1000.26,368.52,161.84,991.49,1024.63,199.86,263.23,207.66,372.90,337.32,
766.43,314.72,202.32,1036.05,381.19,169.09,1026.27,1061.46,210.63,275.14,216.49,388.52,352.35,
766.83,327.71,210.95,1065.56,394.43,177.59,1066.54,1092.05,220.77,285.03,225.18,401.79,365.49,
767.24,340.23,216.83,1093.47,411.03,184.87,1096.42,1121.00,225.68,293.53,235.02,412.51,378.09,
767.65,350.93,221.30,1123.76,430.77,188.28,1123.76,1150.37,231.65,304.10,239.54,426.83,391.34,
768.06,357.80,225.35,1148.50,435.88,195.21,1146.53,1177.17,237.71,311.84,246.11,437.85,399.80,
768.47,363.40,229.73,1167.44,442.62,199.03,1166.45,1194.18,241.61,319.34,255.97,444.60,407.96,
768.88,372.22,234.75,1184.15,453.61,202.98,1179.19,1212.94,245.66,330.53,261.05,456.09,420.36,
769.29,372.65,240.63,1204.64,462.33,207.75,1194.67,1234.53,250.09,336.78,265.54,462.33,428.45,
769.70,380.98,244.99,1221.95,462.98,210.49,1209.95,1239.95,254.49,341.99,268.49,464.48,433.98,
770.11,388.04,246.66,1229.31,468.26,215.58,1218.28,1248.36,261.70,344.93,270.73,466.76,440.18,
770.52,390.30,248.97,1237.29,465.74,220.80,1224.21,1256.40,263.05,349.06,272.10,470.77,444.62,
770.92,390.24,250.58,1240.29,461.83,221.34,1228.19,1263.48,262.17,352.93,274.28,473.93,447.21,
771.33,391.71,246.84,1242.78,461.37,221.60,1230.67,1270.04,261.98,351.84,277.63,476.52,445.73,
771.74,395.40,246.75,1246.89,464.17,222.98,1236.78,1274.19,264.45,351.41,277.59,478.33,446.98,
772.15,396.58,249.00,1250.58,465.55,225.17,1242.47,1274.92,266.24,354.48,276.89,482.79,450.33,
772.56,395.74,252.30,1254.36,472.04,224.83,1246.22,1271.65,262.47,353.52,279.76,480.68,451.18,
772.97,398.38,250.64,1262.37,479.89,221.60,1239.96,1271.54,262.87,353.04,278.15,480.90,451.87,
773.38,397.62,251.45,1262.37,479.39,225.39,1239.88,1277.70,267.81,354.18,276.49,482.97,452.31,
773.79,395.92,256.42,1266.74,471.82,225.14,1241.10,1273.92,266.17,355.40,277.96,481.57,453.36,
774.19,395.98,256.10,1268.18,473.12,223.71,1241.44,1278.47,266.39,359.47,279.25,481.87,457.70,
774.60,395.17,257.43,1270.10,473.58,223.38,1242.25,1288.67,267.23,359.05,279.09,485.45,458.10,
775.01,397.25,258.11,1270.38,467.60,225.52,1245.55,1289.00,269.49,357.42,277.77,484.15,457.77,
775.42,403.63,258.36,1263.80,464.85,225.16,1248.24,1283.51,270.30,355.90,276.52,482.48,456.54,
775.83,401.71,256.53,1259.26,470.40,226.87,1246.77,1287.36,271.10,355.40,276.83,482.89,454.79,
776.24,399.52,255.05,1262.20,472.54,225.84,1245.51,1292.45,271.74,354.67,273.30,484.54,453.25,
776.65,398.67,250.61,1261.94,467.73,225.50,1250.43,1297.52,271.01,352.11,275.72,486.57,450.99,
777.05,399.61,250.67,1258.61,469.88,224.45,1250.22,1297.42,269.55,348.74,276.89,486.66,449.95,
777.46,398.53,251.32,1256.58,475.29,225.03,1247.11,1297.59,270.24,353.31,276.03,488.44,455.31,
777.87,390.19,252.04,1258.11,479.83,224.63,1246.51,1298.19,268.92,352.76,278.94,488.80,455.05,
778.28,398.29,253.03,1265.66,479.64,221.86,1246.64,1292.07,270.46,352.86,277.85,484.92,453.76,
778.69,395.83,250.30,1256.29,480.50,225.43,1242.53,1289.10,274.65,353.50,275.18,482.62,452.98,
779.10,394.99,252.18,1256.11,474.62,227.76,1241.24,1286.90,276.07,354.64,276.07,482.59,454.98,
779.50,391.86,252.36,1256.50,469.59,225.21,1241.59,1286.31,274.19,356.19,277.39,482.37,455.75,
779.91,393.56,248.51,1250.02,467.16,223.98,1238.29,1292.68,272.51,351.97,281.04,484.22,452.22,
780.32,393.68,249.26,1246.31,466.43,224.66,1237.75,1293.38,272.80,351.96,280.29,484.08,451.45,
780.73,396.24,249.13,1243.48,466.04,225.50,1241.33,1286.43,271.68,352.21,279.19,485.90,451.00,
781.14,396.25,248.20,1243.68,468.40,225.05,1238.29,1281.36,267.04,351.57,282.12,482.40,447.94,
781.55,395.91,245.96,1247.07,480.06,224.93,1238.44,1281.59,266.46,351.14,278.32,482.75,447.69,
781.95,392.46,244.34,1245.48,475.71,224.88,1234.67,1280.08,265.96,352.45,277.86,482.73,447.05,
782.36,393.21,246.97,1244.62,470.12,223.14,1232.70,1270.62,260.51,352.05,281.10,479.32,446.83,
782.77,391.42,247.75,1239.30,471.65,220.10,1221.96,1266.41,259.14,356.72,281.91,479.24,449.42,
783.18,386.93,248.35,1242.31,471.71,220.64,1222.74,1270.57,259.76,357.58,279.33,479.86,450.51,
783.59,392.14,247.81,1243.95,464.03,218.94,1224.34,1264.64,258.70,356.19,276.67,476.01,446.60,
784.00,393.96,247.18,1234.26,459.44,218.81,1221.16,1257.18,260.27,354.67,273.37,471.99,444.16,
784.40,389.64,246.26,1228.03,458.60,220.54,1214.90,1255.40,260.49,354.07,272.53,471.73,442.73,
784.81,390.30,245.58,1229.01,452.79,217.08,1214.76,1255.33,258.19,353.03,270.80,470.34,441.28,
785.22,386.13,239.14,1224.21,449.75,215.00,1214.33,1254.92,252.85,347.19,270.95,470.60,435.49,
785.63,385.38,237.70,1222.00,449.06,213.00,1211.02,1253.84,250.88,345.30,268.99,470.47,432.04,
786.04,384.71,236.32,1221.17,452.86,214.34,1206.88,1245.35,252.81,347.34,266.00,471.54,431.97,
786.44,374.55,235.06,1215.92,452.54,213.09,1207.13,1234.59,249.33,343.80,265.81,467.91,428.37,
786.85,377.41,233.69,1220.00,458.60,207.90,1199.15,1229.87,249.05,340.11,262.21,461.89,425.68,
787.26,369.04,233.40,1214.76,460.20,211.43,1194.99,1227.94,254.81,339.93,258.66,460.75,426.15,
787.67,367.69,235.59,1212.05,451.35,208.61,1187.83,1217.56,253.75,340.17,260.35,456.31,425.48,
788.08,369.15,235.97,1209.12,449.83,206.12,1185.91,1216.85,252.54,340.41,261.94,455.35,428.28,
788.48,367.35,234.72,1206.36,448.36,204.76,1180.83,1221.90,253.59,339.05,260.25,455.02,426.72,
788.89,368.03,233.65,1202.24,443.87,205.21,1178.82,1217.86,252.61,336.25,256.51,452.24,423.80,
789.30,372.84,233.59,1192.64,442.47,204.39,1184.78,1208.37,254.36,334.66,257.17,448.64,421.13,
789.71,371.04,231.90,1186.64,444.56,205.88,1179.85,1204.73,253.96,332.01,259.61,447.96,419.11,
790.12,368.66,229.84,1184.49,451.72,206.52,1173.11,1204.97,252.60,331.11,254.88,446.60,418.16,
790.52,368.59,226.65,1182.45,447.57,204.32,1173.29,1206.49,250.11,328.52,255.26,448.71,416.09,
790.93,368.44,225.67,1181.32,446.74,202.07,1172.11,1204.35,247.55,328.14,257.91,449.04,415.65,
791.34,369.48,227.01,1177.92,450.55,202.11,1165.18,1204.56,248.44,332.99,256.55,452.29,418.70,
791.75,360.77,229.26,1174.23,452.70,201.33,1166.09,1207.98,247.30,331.67,256.61,450.96,419.54,
792.15,369.55,230.97,1180.00,450.25,197.64,1165.96,1202.22,245.00,329.79,256.11,445.57,418.67,
792.56,372.57,231.54,1175.31,453.67,200.98,1164.73,1201.16,250.93,329.09,255.04,443.68,419.58,
792.97,371.94,233.20,1171.32,446.33,202.50,1163.05,1196.11,251.50,329.43,255.05,443.97,420.94,
793.38,371.99,233.97,1168.09,439.52,200.80,1166.91,1198.89,247.01,328.75,255.30,444.85,422.93,
793.78,371.09,229.41,1167.80,436.29,199.77,1165.43,1208.11,244.82,324.85,256.09,445.78,419.10,
794.19,373.04,230.34,1165.30,438.17,201.32,1165.30,1210.30,244.55,323.89,254.02,447.05,416.26,
794.60,374.14,230.88,1163.87,439.26,203.65,1174.52,1206.49,246.27,322.05,253.37,450.51,416.17,
795.01,368.79,232.27,1163.11,444.44,204.49,1180.84,1204.48,242.91,322.10,257.09,448.58,416.07,
795.42,367.82,229.74,1171.63,453.61,200.95,1173.98,1203.36,242.67,320.82,250.90,451.26,416.01,
795.82,366.74,230.67,1172.63,452.00,202.64,1171.46,1206.50,245.86,320.61,249.36,453.17,416.38,
796.23,364.59,234.55,1175.06,445.87,199.71,1173.90,1202.93,242.68,322.21,253.13,452.26,417.43,
796.64,363.33,236.45,1174.19,446.38,199.54,1173.04,1204.18,242.80,326.42,254.91,452.72,422.16,
797.05,359.86,237.80,1176.98,444.66,200.56,1171.25,1209.07,243.53,326.62,253.27,453.26,421.17,
797.45,368.63,238.93,1179.85,436.90,200.81,1173.02,1202.61,245.19,324.26,253.15,449.98,420.40,
797.86,373.09,237.42,1175.79,439.79,202.94,1172.40,1192.75,248.73,322.78,252.68,447.14,418.88,
798.27,371.11,236.72,1174.06,440.83,204.67,1171.81,1190.93,250.22,323.88,253.03,448.71,419.47,
798.67,371.03,235.25,1173.45,439.20,204.51,1165.62,1193.56,246.98,324.09,250.34,449.82,417.41,
799.08,372.07,231.02,1171.74,437.60,203.25,1168.40,1200.61,244.34,322.09,254.34,450.92,415.38,
799.49,374.38,229.71,1171.75,439.54,202.10,1170.64,1204.88,244.62,322.48,256.77,450.59,413.04,
799.90,375.56,231.15,1170.60,443.64,203.70,1167.30,1202.44,245.43,327.79,255.86,454.62,415.64,
800.30,368.02,232.06,1171.78,443.38,203.12,1171.78,1200.17,241.34,326.53,257.73,453.20,416.62,
800.71,376.84,231.86,1182.66,447.43,198.74,1166.37,1198.95,241.09,327.97,256.30,450.15,415.94,
801.12,376.91,231.65,1182.56,449.26,203.57,1164.20,1195.51,246.77,327.77,253.79,450.34,416.32,
801.53,377.22,234.28,1177.86,441.70,204.73,1160.66,1191.83,246.10,329.39,255.78,446.53,418.05,
801.93,377.85,234.95,1179.59,437.80,202.84,1162.46,1197.78,242.45,331.29,256.90,445.82,419.60,
802.34,381.79,230.89,1177.35,436.18,203.69,1162.42,1204.02,244.22,329.00,257.01,448.44,417.51,
802.75,381.15,230.92,1175.32,434.24,204.38,1162.58,1202.92,245.79,327.01,254.81,448.04,415.13,
803.15,386.27,231.76,1171.51,433.89,204.25,1172.57,1200.08,247.11,325.42,254.52,447.65,413.79,
803.56,381.01,232.72,1169.41,438.00,204.75,1172.58,1202.13,245.39,327.18,255.41,447.50,414.25,
803.97,379.92,231.42,1169.16,442.89,204.65,1173.35,1205.89,244.54,327.97,250.83,448.67,415.61,
804.38,377.37,230.38,1168.59,438.87,203.80,1173.80,1211.33,243.93,327.33,252.27,451.38,413.85,
804.78,375.32,231.21,1166.40,436.49,203.73,1177.80,1213.05,242.61,327.63,255.05,451.53,414.72,
805.19,371.10,232.97,1166.90,438.10,203.07,1173.08,1214.32,242.76,331.93,253.07,455.63,420.06,
805.60,366.56,234.48,1168.30,439.26,203.76,1170.35,1215.40,243.18,330.73,251.89,454.62,419.81,
806.00,371.34,236.03,1169.98,433.40,200.42,1169.98,1208.64,243.15,327.60,251.80,450.70,418.14,
806.41,374.23,234.65,1159.10,434.92,202.79,1165.17,1205.63,246.79,326.19,250.33,449.08,415.70,
806.82,370.14,235.36,1151.66,429.48,204.18,1158.70,1196.92,246.93,324.88,248.94,447.09,415.40,
807.22,368.30,234.19,1145.94,424.35,202.17,1153.95,1195.98,244.20,324.27,248.70,447.37,413.34,
807.63,367.31,229.45,1142.75,421.07,200.08,1153.70,1194.51,240.89,319.53,250.35,446.95,407.63,
808.04,365.05,227.05,1136.71,421.44,198.85,1150.56,1190.13,240.90,315.59,247.82,444.69,404.13,
808.44,362.14,226.34,1128.75,419.22,197.31,1145.48,1178.94,238.64,313.92,244.55,443.33,402.00,
808.85,354.01,226.03,1123.80,420.69,196.13,1142.43,1168.91,233.39,310.86,246.63,437.85,399.11,
809.26,354.21,221.50,1123.14,426.42,193.21,1128.99,1160.22,231.26,307.37,242.00,434.23,395.68,
809.67,347.69,218.03,1113.97,420.53,192.78,1114.94,1148.93,231.63,303.01,238.43,428.78,391.88,
810.07,343.70,217.84,1105.64,411.47,187.82,1099.83,1134.69,224.61,298.68,238.65,421.63,386.30,
810.48,340.18,214.06,1095.91,405.89,184.58,1085.28,1123.94,220.34,296.21,235.80,416.04,383.67,
810.89,337.36,211.57,1085.32,402.90,180.24,1071.83,1110.38,217.84,288.68,231.81,409.16,378.32,
811.29,334.55,208.13,1069.98,393.19,176.41,1055.56,1087.28,214.86,282.16,226.88,398.48,369.64,
811.70,332.08,203.47,1049.98,385.82,173.24,1046.14,1064.38,211.15,275.93,221.71,389.66,361.35,
812.11,325.81,197.88,1033.98,381.39,170.57,1028.23,1044.52,208.42,270.71,217.05,381.39,355.04,
812.51,317.44,193.14,1021.16,373.85,167.33,1012.56,1027.86,202.70,264.85,208.92,374.81,348.52,
812.92,309.57,185.74,1004.91,365.77,161.45,999.19,1015.39,196.22,257.66,205.27,368.63,339.10,
813.32,304.66,180.33,988.02,357.81,156.60,982.32,1001.31,190.77,251.51,200.74,362.56,331.71,
813.73,299.09,178.41,972.98,354.93,155.22,963.52,985.28,187.40,249.87,194.50,358.72,329.37,
814.14,286.84,176.44,958.65,350.06,151.91,949.22,970.92,181.16,246.27,192.49,351.00,323.17,
814.54,288.56,173.42,952.16,343.08,146.63,932.42,954.98,178.59,242.97,187.52,343.55,318.17,
814.95,286.51,169.94,940.99,340.82,148.41,916.65,946.61,181.64,239.70,180.24,338.48,313.20,
815.36,281.56,171.08,928.59,330.97,145.91,905.28,932.31,179.00,236.81,178.07,332.37,311.39,
815.76,276.90,169.11,918.03,325.21,143.09,900.37,930.11,176.08,233.69,177.94,331.25,308.95,
816.17,276.84,163.42,910.15,323.14,142.59,897.19,928.67,175.92,230.55,176.38,331.01,304.62,
816.58,276.53,163.62,902.42,322.62,142.41,894.12,923.62,176.52,228.60,173.75,329.07,302.34,
816.98,276.43,163.47,897.25,319.59,142.35,898.17,919.29,177.71,230.05,173.57,329.24,299.39,
817.39,271.05,163.91,897.40,323.25,143.77,901.98,919.38,178.11,229.84,176.73,329.20,298.98,
817.79,273.50,163.64,905.27,331.84,144.50,898.89,922.59,179.14,231.10,173.21,330.47,299.93,
818.20,273.13,164.24,904.70,329.39,145.19,896.53,928.29,178.76,231.85,175.13,334.84,299.00,
818.61,272.90,163.56,907.25,328.02,144.13,898.22,933.46,178.47,233.14,180.28,336.61,300.46,
819.01,271.03,165.23,908.52,330.45,144.97,896.81,935.53,179.18,236.81,181.43,339.01,305.69,
819.42,269.63,167.51,911.89,335.02,146.46,897.56,939.66,180.05,235.59,182.29,338.15,306.80,
819.83,273.60,168.89,915.28,329.75,143.93,899.24,935.78,179.58,234.84,182.25,335.99,306.58,
820.23,277.91,169.59,913.64,331.18,146.95,902.98,934.06,183.35,235.73,182.46,336.95,307.65,
820.64,274.03,171.49,914.01,331.48,149.39,905.17,933.46,184.31,236.02,183.86,336.35,308.94,
821.04,275.33,172.41,913.07,331.63,148.22,907.79,935.94,182.97,237.06,185.60,339.10,310.07,
821.45,275.98,168.66,914.69,332.06,147.19,912.93,943.60,181.36,236.99,187.93,341.69,307.96,
821.86,280.00,169.66,922.87,334.96,148.72,919.38,948.17,182.31,237.70,188.85,343.68,310.10,
822.26,278.75,173.68,928.30,337.80,150.66,922.22,949.14,184.53,241.84,189.74,347.79,313.92,
822.67,275.24,176.13,933.04,342.75,151.90,931.31,950.35,183.49,242.35,193.01,347.94,315.92,
823.07,278.36,176.24,941.95,349.89,150.82,930.75,953.15,183.99,243.89,190.03,349.46,318.01,
823.48,278.80,175.86,946.21,349.15,154.41,927.34,957.37,186.58,245.35,190.01,351.29,319.98,
823.89,277.53,179.33,943.61,344.99,153.28,929.94,956.42,185.73,245.51,192.56,349.69,321.51,
824.29,279.90,179.51,945.19,347.11,153.14,934.98,962.20,185.89,247.57,193.97,350.94,326.26,
824.70,282.77,180.33,947.37,347.96,153.24,935.52,966.84,185.83,245.94,192.61,352.20,327.22,
825.10,287.21,183.19,950.06,344.48,154.13,939.11,966.91,187.40,245.52,191.61,351.64,327.64,
825.51,289.48,183.76,946.49,344.86,155.65,950.68,965.79,189.63,246.69,192.57,352.42,328.08,
825.91,289.87,183.78,948.12,350.01,158.30,953.13,969.01,191.30,248.93,193.38,353.35,328.29,
826.32,292.55,183.67,953.27,351.55,157.49,951.61,973.22,191.57,249.74,192.40,354.46,329.11,
826.73,292.94,182.05,955.77,350.86,156.40,954.11,979.76,191.15,251.56,194.05,357.90,328.52,
827.13,293.40,180.49,959.30,349.44,155.35,957.66,983.20,192.03,252.19,196.15,359.74,328.83,
827.54,293.04,181.82,962.85,352.96,157.19,953.82,983.37,192.90,256.51,195.36,363.22,334.91,
827.94,290.27,183.98,963.22,354.05,156.18,952.59,984.48,190.93,256.75,195.83,361.82,334.43,
828.35,294.03,182.85,966.81,352.68,153.53,950.52,983.10,191.41,256.97,195.48,359.60,334.76,
828.75,296.12,180.91,961.36,353.72,156.58,946.76,982.46,194.71,256.36,194.30,358.58,334.25,
829.16,297.30,183.79,961.39,350.62,157.13,944.42,980.78,195.51,256.10,195.11,356.68,335.27,
829.57,300.31,183.97,960.50,348.61,154.58,946.00,986.26,192.82,254.82,195.64,357.47,334.52,
829.97,300.85,179.70,962.70,348.18,154.43,946.66,993.19,193.34,254.72,197.35,360.21,332.94,
830.38,299.65,180.59,966.08,350.79,155.02,952.49,993.24,194.97,254.90,196.97,360.78,333.21,
830.78,300.97,182.73,968.21,352.73,156.86,963.44,992.90,197.07,256.78,197.46,363.88,334.42,
831.19,296.94,184.20,974.20,358.08,158.79,969.43,998.02,197.70,259.63,201.27,365.22,334.26,
831.59,299.65,183.82,987.50,366.06,158.92,969.32,1003.31,199.63,262.49,200.43,367.64,336.81,
832.00,298.54,185.50,992.50,366.28,159.90,970.44,1013.77,201.65,263.49,202.83,370.61,339.10,
832.40,301.40,188.38,998.40,368.91,160.91,981.13,1021.95,201.33,265.69,205.25,374.40,341.83,
832.81,302.51,190.73,1002.12,372.86,163.37,984.14,1027.91,201.67,269.68,207.15,377.16,346.68,
833.21,304.20,193.72,1008.30,377.33,165.72,988.85,1036.30,201.89,269.58,208.12,378.50,350.10,
833.62,309.78,197.49,1012.21,373.29,166.12,998.27,1039.32,204.46,270.28,210.65,378.32,350.44,
834.02,313.97,199.03,1011.35,376.46,169.72,1006.72,1042.98,208.67,270.77,211.76,380.70,352.16,
834.43,314.89,201.22,1013.80,380.94,172.42,1010.73,1045.29,210.44,272.65,212.36,380.94,353.68,
834.83,315.94,202.72,1022.01,380.96,172.12,1015.89,1051.08,210.37,275.01,214.58,384.40,357.24,
835.24,318.69,200.89,1025.44,382.73,172.69,1023.91,1059.75,210.04,275.99,218.81,388.45,357.19,
835.64,321.20,201.23,1028.91,386.50,174.65,1031.19,1064.60,211.48,278.68,219.83,392.58,359.93,
836.05,322.90,204.18,1032.99,388.70,177.33,1032.99,1067.02,213.63,283.58,220.44,395.50,363.74,
836.45,318.82,206.89,1039.36,390.42,179.76,1037.10,1070.26,212.92,284.90,224.60,396.83,366.30,
836.86,322.17,207.27,1049.88,392.77,179.11,1037.12,1073.16,214.78,286.88,224.92,398.40,368.36,
837.26,323.74,207.48,1051.96,396.26,182.05,1037.75,1076.63,217.94,288.22,223.92,400.00,371.21,
837.67,324.61,210.70,1052.75,391.62,182.78,1037.86,1078.81,217.03,289.25,225.96,399.81,373.75,
838.07,326.42,211.06,1056.43,390.23,182.50,1043.82,1085.36,216.63,291.19,229.24,403.21,376.87,
838.48,327.97,208.68,1059.27,390.02,183.19,1044.49,1088.81,217.91,290.67,229.73,404.43,375.99,
838.88,331.73,210.00,1060.65,389.84,183.52,1048.15,1090.07,218.82,290.54,229.49,404.18,376.60,
839.29,335.86,210.46,1059.66,391.60,184.43,1055.99,1089.72,220.73,292.96,230.26,407.00,376.56,
839.69,330.30,210.09,1062.52,394.61,185.98,1056.68,1089.56,221.79,294.86,230.92,407.03,377.44,
840.10,330.98,209.50,1070.05,394.27,186.22,1055.50,1091.87,220.77,296.06,229.50,408.09,378.99,
840.50,330.48,208.73,1071.18,391.36,186.26,1058.13,1095.82,219.24,296.78,231.19,410.93,379.77,
840.91,331.37,208.28,1072.79,391.29,186.26,1058.35,1097.34,219.11,297.80,232.10,414.03,379.74,
841.31,329.38,209.28,1075.15,393.38,187.70,1054.30,1097.45,220.42,302.05,231.93,415.32,384.03,
841.72,328.43,211.55,1080.67,394.41,187.16,1056.29,1098.60,219.43,301.54,233.78,415.20,384.01,
842.12,333.13,212.68,1082.32,392.47,185.87,1060.87,1097.33,220.54,300.96,233.05,414.27,384.96,
842.53,336.23,212.28,1078.52,393.94,188.06,1059.99,1098.46,224.04,301.69,231.52,413.88,385.74,
842.93,337.30,214.10,1079.38,394.11,189.25,1058.78,1097.13,224.40,301.80,233.27,411.51,385.24,
843.34,339.28,213.91,1079.45,393.11,188.76,1060.33,1099.28,223.11,301.74,234.80,413.29,385.67,
843.74,339.71,210.82,1078.44,393.38,188.22,1065.03,1103.87,223.18,300.86,236.59,415.28,383.49,
844.15,339.20,210.41,1076.70,397.61,189.30,1064.74,1101.33,224.14,301.19,234.69,415.20,382.12,
844.55,338.84,212.56,1077.56,397.07,189.41,1068.44,1098.60,225.89,301.66,235.01,416.01,383.74,
844.95,332.33,213.04,1078.15,396.70,189.60,1069.76,1095.64,226.33,301.20,237.18,415.94,383.40,
845.36,330.29,212.18,1081.45,398.58,189.53,1064.03,1093.29,226.11,301.37,234.13,413.90,382.55,
845.76,330.99,210.95,1079.02,397.61,190.48,1058.21,1093.59,226.91,301.15,234.54,413.57,381.99,
846.17,331.20,211.93,1075.89,398.96,188.07,1055.84,1093.18,225.76,301.47,236.82,412.45,381.68,
846.57,330.48,211.02,1072.67,398.64,187.27,1053.40,1091.26,226.51,301.90,237.87,412.75,383.49,
846.98,328.96,211.77,1069.81,398.87,187.44,1051.31,1093.11,225.13,299.49,236.44,410.86,382.42,
847.38,333.67,212.55,1065.83,396.44,185.60,1051.50,1089.03,224.83,297.50,235.41,408.04,380.75,
847.79,333.61,211.65,1057.90,396.12,186.51,1053.15,1084.40,225.24,297.26,234.07,404.95,380.15,
848.19,328.17,210.44,1054.22,395.16,187.43,1047.45,1077.22,224.65,296.03,234.46,402.60,378.92,
848.59,328.29,209.99,1052.96,394.35,185.04,1042.85,1075.88,222.12,295.26,233.58,401.77,377.50,
849.00,327.05,206.17,1046.95,392.86,183.00,1040.90,1075.15,219.26,294.47,233.03,402.93,376.07,
849.40,325.11,205.03,1044.22,391.33,181.95,1038.20,1069.64,218.08,293.33,232.79,401.70,373.94,
849.81,322.57,205.94,1041.02,391.22,181.95,1031.69,1063.01,217.60,294.58,230.26,401.55,375.22,
850.21,318.88,206.94,1038.35,388.63,180.37,1029.71,1057.61,214.25,293.63,230.85,398.93,374.68,
850.61,318.78,205.36,1035.71,388.23,177.58,1023.14,1050.26,213.62,292.66,228.50,395.50,372.35,
851.02,318.57,204.05,1029.44,387.03,179.03,1012.99,1045.90,213.92,291.26,226.42,393.94,370.57,
851.42,319.91,205.52,1025.30,384.16,177.66,1007.60,1039.72,213.06,289.76,226.17,391.04,371.05,
851.83,319.48,204.17,1021.15,380.24,175.75,1008.09,1038.14,211.03,287.79,226.05,389.71,370.11,
852.23,318.93,200.47,1015.38,378.16,176.06,1003.66,1035.56,210.24,285.09,224.56,390.21,367.10,
852.63,320.46,202.07,1013.92,376.25,176.12,1003.55,1032.09,210.50,284.13,222.83,387.60,365.54,
853.04,322.90,201.57,1011.40,374.67,176.66,1007.52,1029.52,211.60,285.04,222.60,388.58,364.64,
853.44,314.89,201.64,1011.77,375.54,177.45,1006.61,1029.19,212.61,284.56,223.91,388.12,363.93,
853.85,314.48,201.29,1018.03,378.14,177.50,1003.88,1030.25,213.19,284.57,220.90,389.40,363.03,
854.25,316.03,200.96,1019.24,377.57,177.57,1004.50,1034.63,215.07,285.26,222.12,391.99,363.47,
854.65,317.52,200.93,1020.29,378.22,177.29,1007.51,1036.26,214.34,285.90,222.97,393.55,364.48,
855.06,314.06,201.94,1020.53,379.04,178.37,1009.07,1037.73,215.32,288.26,224.24,395.28,367.89,
855.46,315.83,203.99,1021.85,381.29,179.52,1008.51,1044.73,215.43,287.87,224.96,396.22,369.21,
855.86,321.34,204.40,1024.88,381.56,178.42,1011.57,1045.16,217.08,288.39,225.95,395.50,370.15,
856.27,322.57,205.24,1024.00,382.02,181.52,1014.51,1049.30,221.05,288.41,225.80,395.94,370.64,
856.67,321.87,207.01,1025.58,383.09,184.29,1016.11,1050.19,222.47,289.69,226.26,396.03,372.05,
857.08,325.31,207.10,1028.89,384.57,184.09,1021.96,1056.00,221.60,291.27,227.59,397.50,373.86,
857.48,326.02,204.87,1031.56,385.81,185.04,1029.68,1063.03,220.91,291.41,230.36,401.23,373.54,
857.88,327.12,205.63,1035.35,389.90,185.85,1034.09,1066.74,221.01,292.27,231.05,403.40,374.21,
858.29,326.36,207.97,1039.84,390.25,187.30,1037.96,1067.40,222.69,295.98,231.15,405.91,376.79,
858.69,323.41,208.93,1044.04,394.10,187.98,1044.04,1070.32,223.01,297.76,233.02,407.55,378.14,
859.09,321.23,208.95,1049.76,395.45,188.06,1042.28,1070.97,223.61,298.15,231.72,406.68,379.55,
859.50,323.34,208.93,1050.25,396.72,189.34,1042.17,1070.77,225.10,298.78,231.32,407.91,379.62,
859.90,324.33,210.84,1051.11,393.78,187.90,1042.43,1071.58,223.87,300.76,232.24,409.28,381.07,
860.30,324.64,209.32,1049.37,394.52,187.68,1042.57,1073.49,221.69,301.15,233.13,408.74,382.46,
860.71,324.87,209.90,1049.83,393.30,188.02,1041.20,1076.34,220.69,299.91,232.40,407.48,380.97,
861.11,329.27,211.02,1049.87,390.09,187.37,1040.04,1072.60,220.85,298.56,231.29,405.14,379.34,
861.51,328.18,210.93,1044.53,387.57,187.97,1042.08,1065.96,221.64,299.09,229.91,402.87,377.77,
861.92,322.16,209.59,1041.54,387.45,187.93,1037.27,1061.06,221.49,297.45,228.81,400.87,375.25,
862.32,322.42,207.75,1040.85,386.90,186.76,1031.73,1059.71,219.61,296.87,226.60,399.98,374.43,
862.72,322.22,205.41,1035.23,384.72,184.78,1028.56,1057.08,216.94,295.22,226.65,400.50,371.37,
863.13,318.95,204.26,1030.07,381.89,183.08,1023.41,1053.06,215.76,294.13,225.74,399.74,368.87,
863.53,316.32,203.74,1025.01,381.51,182.61,1015.36,1046.75,215.51,295.49,224.26,398.42,369.14,
863.93,314.01,204.01,1023.38,379.70,181.41,1010.12,1041.46,214.56,294.72,224.20,396.58,367.95,
864.34,316.90,203.25,1019.84,377.63,177.99,1008.41,1036.68,214.97,292.84,223.09,393.56,366.50,
864.74,315.88,201.99,1014.17,377.61,180.12,1002.18,1032.75,215.48,290.70,221.77,391.40,364.43,
865.14,316.20,202.93,1008.97,375.97,178.72,995.22,1028.10,213.69,289.30,221.46,389.12,363.72,
865.54,318.55,202.22,1006.94,373.43,177.17,994.41,1029.61,212.36,288.42,222.50,390.13,362.99,
865.95,318.36,199.05,1002.67,373.70,177.62,993.15,1028.26,211.54,285.03,222.85,388.87,360.01,
866.35,317.59,200.05,1000.85,373.39,177.79,991.95,1025.19,211.33,284.35,220.83,387.04,359.44,
866.75,317.57,200.85,998.94,373.86,178.04,992.42,1021.45,213.00,285.88,221.00,388.38,358.46,
867.16,312.16,199.53,997.96,376.01,178.84,992.04,1020.42,213.72,285.85,223.18,388.42,357.98,
867.56,311.99,198.46,1006.16,378.64,179.00,992.59,1020.31,213.50,285.16,221.46,388.96,358.58,
867.96,314.09,198.51,1006.39,378.79,178.81,991.68,1024.62,214.10,285.86,221.75,390.26,360.26,
868.36,317.35,199.15,1008.37,379.53,178.91,994.29,1027.73,213.52,287.73,223.20,392.14,361.05,
868.77,318.28,200.10,1009.84,382.06,179.62,997.56,1031.49,215.02,289.91,223.79,393.76,364.80,
869.17,319.90,201.98,1016.33,384.11,180.38,1001.73,1037.34,215.12,288.38,224.46,394.62,367.18,
869.57,324.95,204.40,1019.11,383.18,179.65,1006.88,1040.66,216.34,288.84,224.79,394.83,367.75,
869.98,325.84,205.03,1017.61,383.93,182.38,1010.06,1042.59,218.10,289.25,224.49,395.54,367.37,
870.38,325.09,206.29,1021.04,384.77,184.56,1010.03,1041.90,217.59,288.87,224.84,394.05,368.55,
870.78,327.96,206.49,1022.63,382.91,183.65,1010.48,1045.77,216.33,289.78,225.00,395.34,369.89,
871.18,327.84,203.17,1021.62,382.67,183.54,1015.27,1048.74,216.16,289.46,225.97,396.81,368.53,
871.59,325.35,202.69,1020.96,384.08,184.56,1015.77,1048.02,215.94,289.65,225.73,396.46,368.82,
871.99,324.07,203.69,1020.47,383.25,185.02,1014.15,1045.18,216.05,292.18,226.10,397.33,372.62,
872.39,320.66,204.50,1021.06,381.46,184.71,1015.33,1044.58,215.40,291.40,227.16,398.10,371.43,
872.79,320.07,203.55,1024.32,382.48,183.22,1014.02,1043.22,216.43,290.58,225.02,396.22,371.02,
873.20,320.73,203.53,1024.51,381.90,184.38,1012.50,1043.95,217.82,290.43,223.54,395.91,371.90,
873.60,322.43,205.44,1021.50,380.07,183.18,1007.80,1044.33,216.57,290.19,225.13,395.19,372.65,
874.00,322.51,205.41,1019.95,378.35,182.91,1010.83,1047.87,215.10,289.75,226.21,396.30,372.65,
874.40,319.78,205.41,1017.38,376.68,182.65,1009.41,1047.53,213.94,287.06,226.46,395.46,371.56,
874.80,320.71,205.76,1017.19,374.63,182.49,1007.54,1045.00,213.99,286.37,226.20,393.36,370.66,
875.21,319.90,206.38,1012.36,374.82,183.16,1009.52,1042.36,214.87,287.63,226.19,392.94,369.72,
875.61,315.06,205.53,1010.69,374.35,184.07,1009.00,1036.66,215.97,286.83,227.83,390.72,368.14,
876.01,314.23,204.42,1011.40,375.61,182.74,1007.45,1036.17,215.68,286.36,226.10,389.97,368.57,
876.41,313.89,202.43,1009.60,375.09,182.21,1006.23,1038.24,215.34,286.65,226.57,391.94,366.95,
876.82,312.99,201.29,1006.17,374.02,181.97,1006.73,1038.64,214.45,286.68,227.33,392.78,366.19,
877.22,311.65,202.46,1005.87,374.20,181.51,1003.64,1035.47,214.75,288.19,226.47,393.75,368.06,
877.62,310.93,202.83,1006.90,374.45,180.54,1002.45,1035.32,213.42,287.25,226.51,392.29,367.77,
878.02,315.77,202.92,1007.35,373.03,178.18,1002.90,1034.03,214.87,286.58,225.71,391.10,364.97,
878.42,317.18,202.40,1005.33,374.30,179.66,1001.45,1033.06,215.43,286.41,224.30,389.54,364.04,
878.82,319.04,202.65,1003.00,372.12,179.42,999.68,1028.99,215.09,285.58,224.76,387.60,364.65,
879.23,318.17,202.65,1000.27,370.00,179.21,996.96,1031.15,212.29,285.08,225.25,388.47,363.66,
879.63,317.27,199.32,996.89,370.05,178.70,998.54,1030.43,211.97,284.55,225.17,389.02,361.26,
880.03,315.91,199.36,997.09,372.40,179.34,998.73,1026.16,211.98,284.10,224.32,388.58,360.33,
880.43,315.54,199.61,997.49,372.42,178.83,1001.32,1022.10,213.28,285.74,223.94,389.37,360.66,
880.83,310.91,200.18,996.54,372.00,178.63,1001.99,1020.54,213.00,284.73,224.73,388.09,359.72,
881.24,310.65,198.58,1000.51,373.22,176.82,997.79,1019.01,212.72,284.54,222.52,387.64,359.35,
881.64,310.87,198.03,1000.44,373.26,176.32,994.47,1021.05,212.95,284.02,221.63,388.46,360.24,
882.04,312.12,198.26,999.66,371.09,174.99,992.63,1021.30,210.97,283.72,222.60,388.94,360.00,
882.44,311.36,198.58,997.22,371.80,174.03,990.21,1022.59,210.45,283.84,223.13,388.53,361.28,
882.84,311.07,199.67,998.87,371.89,173.30,989.18,1022.01,209.35,282.28,222.00,387.49,360.58,
883.24,312.82,200.41,998.03,370.24,171.97,987.30,1020.56,209.26,280.90,221.87,384.72,359.24,
883.65,313.54,200.38,994.13,369.72,173.63,988.25,1018.21,209.74,280.64,220.98,383.37,358.49,
884.05,309.40,200.31,991.15,369.15,174.44,984.75,1014.09,209.65,280.06,220.31,381.15,357.68,
884.45,308.52,199.74,990.46,367.57,173.94,980.89,1014.40,208.25,279.27,220.49,380.86,357.73,
884.85,308.31,197.14,989.14,366.68,173.79,979.59,1016.74,206.43,278.59,221.02,381.01,355.54,
885.25,308.10,196.40,986.78,366.34,172.84,980.95,1015.36,206.99,278.19,220.75,380.36,354.95,
885.65,305.95,197.10,985.50,365.14,173.06,979.68,1012.45,207.40,280.32,220.09,381.25,356.68,
886.05,303.35,197.58,985.50,364.02,172.52,977.59,1013.46,206.28,280.40,220.26,379.59,356.11,
886.46,305.48,196.98,988.06,363.41,170.65,973.32,1012.29,206.72,279.67,219.10,377.63,355.51,
886.86,305.47,195.85,986.34,364.36,171.14,970.04,1013.15,207.15,278.92,217.67,377.76,354.37,
887.26,305.99,196.82,983.06,361.63,171.63,968.37,1012.46,206.27,278.44,217.55,376.32,354.02,
887.66,307.14,195.76,981.17,360.08,170.87,967.02,1012.62,204.41,277.79,217.51,376.85,353.53,
888.06,305.84,194.03,980.35,360.30,171.51,966.21,1012.82,203.72,275.72,216.55,375.75,351.13,
888.46,305.26,194.97,978.49,358.05,171.45,967.52,1008.29,203.85,273.89,214.57,374.25,349.42,
888.86,304.71,193.57,974.13,356.36,171.40,968.92,1001.79,204.53,273.67,213.40,372.28,347.23,
889.26,299.52,192.21,970.95,355.77,171.64,964.70,995.95,203.93,272.43,213.83,370.88,345.35,
889.66,298.45,190.56,971.25,355.64,169.76,959.29,992.05,202.52,270.89,211.10,369.94,343.68,
890.07,296.17,187.77,967.36,353.23,168.32,955.43,992.77,201.51,268.68,210.85,370.35,341.56,
890.47,295.59,185.84,962.34,351.49,165.65,951.99,987.19,199.56,267.63,208.36,369.61,339.33,
890.87,292.33,184.90,956.00,349.14,164.24,944.12,978.72,198.59,266.76,206.07,368.25,338.55,
891.27,290.11,184.22,950.72,347.31,161.29,936.80,972.87,195.30,262.28,203.54,364.31,335.46,
891.67,293.41,181.65,944.48,343.26,157.50,927.52,964.00,193.21,257.96,200.66,359.19,330.67,
892.07,291.15,178.64,931.88,339.85,156.60,917.02,951.36,191.45,252.96,197.09,354.20,325.75,
892.47,286.28,176.88,917.64,333.32,154.64,905.37,937.07,188.13,248.45,194.01,347.88,320.53,
892.87,283.24,173.26,904.82,328.65,151.57,894.10,926.26,183.47,244.19,191.12,343.96,315.39,
893.27,279.82,167.43,891.44,322.63,148.06,883.29,912.85,179.16,239.30,188.07,339.20,308.11,
893.67,273.84,164.66,877.52,318.13,145.32,871.42,895.85,175.86,234.40,183.24,332.13,301.33,
894.07,267.83,161.87,861.44,311.54,141.29,858.90,877.70,172.80,232.00,179.40,327.04,296.55,
894.47,259.51,158.45,846.57,306.23,138.64,843.02,862.32,168.86,226.75,176.73,319.43,290.99,
894.87,254.71,154.25,835.68,301.90,133.45,825.03,847.86,165.92,222.49,170.99,313.32,284.14,
895.27,250.81,149.98,818.80,295.90,130.22,809.17,834.00,163.40,216.61,165.43,307.56,278.17,
895.67,246.37,146.71,802.35,288.87,126.73,794.76,820.56,158.85,211.46,162.14,301.77,272.68,
896.08,241.58,143.78,786.89,283.52,122.81,779.82,805.09,154.14,206.20,158.19,295.15,267.60,
896.48,236.73,140.57,770.76,277.61,119.88,764.70,791.45,149.66,199.13,154.45,287.96,260.71,
896.88,233.38,138.87,756.08,271.69,116.69,752.56,775.74,146.43,193.81,149.96,280.51,255.56,
897.28,228.10,135.70,740.21,265.87,115.06,740.21,759.34,144.52,190.34,147.03,274.68,249.51,
897.68,220.24,133.75,727.10,261.47,113.39,728.61,744.20,142.05,186.30,144.06,268.26,243.88,
898.08,217.40,131.80,716.97,257.07,110.96,718.98,735.55,139.33,183.51,139.58,264.85,240.25,
898.48,214.62,128.37,709.53,254.73,108.81,713.04,729.59,137.90,180.77,138.40,262.75,236.93,
898.88,211.73,126.64,703.28,251.78,107.12,707.28,723.80,135.65,179.20,137.15,260.54,234.01,
899.28,208.74,127.34,701.12,251.19,106.87,701.62,717.10,134.83,179.28,136.08,259.18,234.46,
899.68,207.34,127.84,700.26,250.70,106.66,701.75,717.20,134.07,178.18,135.57,258.42,234.50,
900.08,210.91,127.59,704.87,251.70,105.21,700.89,717.30,135.05,177.83,135.55,257.92,235.04,
900.48,212.97,127.58,706.42,251.19,106.98,702.45,721.81,136.52,178.47,135.28,258.89,235.06,
900.88,215.99,130.29,708.89,252.15,108.24,705.42,725.24,136.23,178.83,136.97,260.82,237.53,
901.28,218.72,131.13,715.54,252.86,109.61,712.07,733.85,136.08,180.62,139.30,264.00,240.49,
901.68,220.54,131.04,721.93,256.14,111.26,716.99,740.72,137.22,182.71,141.91,266.52,241.55,
902.08,222.74,133.35,730.46,257.81,113.84,725.52,746.26,139.28,184.47,142.73,267.44,243.73,
902.48,224.54,135.46,737.76,260.56,116.22,736.28,750.59,142.37,188.51,144.84,270.92,246.99,
902.88,222.87,136.33,744.03,263.30,117.84,742.06,756.36,143.97,190.82,147.43,272.17,249.24,
903.28,225.13,136.70,752.72,267.49,118.47,746.32,762.08,145.32,192.61,146.80,273.90,250.74,
903.68,226.42,136.84,756.05,268.26,119.12,749.16,768.85,147.17,193.69,147.91,276.87,252.02,
904.08,226.70,136.71,758.79,268.50,118.76,750.92,771.08,146.79,194.74,150.23,278.34,253.26,
904.48,226.56,137.11,759.28,270.29,119.18,748.96,772.55,146.45,195.35,150.14,278.40,255.06,
904.88,225.91,137.75,758.76,270.11,118.60,747.46,772.51,146.10,193.99,149.79,276.74,254.88,
905.28,227.24,137.91,753.87,267.98,116.56,745.52,770.55,146.01,192.64,149.69,275.34,253.50,
905.68,226.98,136.29,745.65,266.20,116.92,739.77,765.75,145.85,190.70,148.30,273.06,251.00,
906.07,224.76,135.40,737.46,264.92,116.54,732.07,757.04,143.48,188.28,146.41,269.32,248.27,
906.47,221.14,134.05,730.45,262.73,114.48,726.04,751.48,140.90,186.16,145.06,267.13,245.85,
906.87,217.07,130.29,722.59,258.14,112.69,719.65,745.08,137.62,184.07,144.22,264.00,242.00,
907.27,213.88,127.94,714.89,256.37,110.85,711.96,735.89,136.00,181.41,141.61,259.54,238.05,
907.67,210.66,127.52,707.07,253.08,109.23,706.58,725.60,134.83,180.67,139.22,256.98,236.01,
908.07,206.02,126.63,699.40,251.31,106.91,699.88,718.39,133.21,178.75,138.08,253.51,232.81,
908.47,205.67,124.47,695.78,251.86,103.32,689.46,709.88,131.28,175.77,134.93,249.67,229.49,
908.87,204.85,122.81,689.78,248.53,102.42,682.50,705.31,130.82,173.29,132.52,248.05,226.45,
909.27,203.64,123.15,683.64,245.34,100.61,678.31,702.07,128.97,171.15,131.64,247.27,225.21,
909.67,202.48,121.59,680.10,243.17,99.06,674.29,697.54,126.91,169.78,131.52,245.59,225.49,
910.07,201.36,119.56,677.66,242.02,98.50,670.88,696.05,125.37,167.24,130.21,243.72,222.66,
910.47,202.56,120.14,673.93,238.82,97.17,669.09,692.30,124.25,165.82,128.36,241.97,220.69,
910.87,203.32,119.77,668.41,237.61,97.07,667.93,687.24,124.60,164.93,127.50,240.51,218.78,
911.27,200.73,118.94,666.84,236.92,97.47,666.84,681.80,124.25,164.06,126.90,237.64,217.62,
911.66,199.15,118.38,667.83,236.76,96.68,663.98,682.78,123.44,163.95,125.37,237.24,216.99,
912.06,197.18,117.39,667.72,234.79,95.70,664.83,685.56,123.66,163.68,125.83,238.16,216.47,
912.46,197.02,116.09,666.68,234.11,95.14,664.27,684.50,123.32,163.78,125.73,237.96,215.80,
912.86,194.90,116.22,665.55,234.84,95.77,661.70,681.91,123.44,164.82,125.12,237.97,217.76,
913.26,193.77,117.08,664.49,235.12,95.20,661.13,683.25,122.13,163.24,125.25,237.04,216.85,
913.66,195.49,117.20,664.76,234.40,93.42,659.00,682.53,122.24,162.35,124.16,235.60,215.90,
914.06,196.80,115.92,661.91,235.20,94.32,657.11,680.63,122.40,161.52,123.36,235.68,216.00,
914.46,195.20,116.54,659.93,233.57,94.48,656.57,680.55,121.82,160.91,123.50,235.00,215.58,
914.85,195.66,116.29,657.94,232.10,94.23,657.94,682.40,119.89,160.89,123.96,235.94,215.80,
915.25,195.09,114.32,658.62,232.96,95.63,658.62,682.11,118.88,160.82,124.39,235.36,214.75,
915.65,196.73,114.64,660.07,234.06,96.69,661.02,682.56,119.66,161.31,123.97,235.26,214.44,
916.05,197.58,116.73,661.64,233.94,98.31,666.42,684.12,121.52,164.57,124.86,237.53,216.00,
916.45,194.06,117.82,667.26,237.08,100.38,671.56,685.90,123.08,165.38,128.10,238.27,218.20,
916.85,195.77,118.42,677.56,243.04,101.94,676.61,690.45,124.15,167.84,127.49,240.66,220.60,
917.25,197.93,119.24,683.94,244.20,103.02,682.51,699.21,126.87,170.03,128.78,244.91,222.97,
917.64,200.66,121.06,690.17,246.42,104.62,689.21,704.94,128.69,173.02,131.31,248.33,226.16,
918.04,203.33,122.38,696.66,249.52,106.43,693.81,710.95,129.29,175.71,133.33,251.67,230.71,
918.44,205.66,123.06,703.63,253.27,107.59,698.87,718.86,129.97,176.15,134.73,253.98,232.08,
918.84,210.95,126.19,709.04,253.33,107.62,705.23,725.23,132.62,177.62,136.19,256.43,234.52,
919.24,213.85,127.64,712.04,255.76,110.02,710.14,727.76,135.26,180.27,137.17,258.38,236.71,
919.64,213.98,128.91,715.80,257.82,111.52,714.85,728.19,136.77,181.57,138.92,259.49,239.47,
920.03,216.08,129.98,720.26,258.53,112.09,718.36,735.05,137.14,183.64,140.24,262.59,241.12,
920.43,217.23,129.62,723.29,258.76,112.67,722.33,740.95,137.97,185.00,142.03,265.21,242.53,
920.83,217.31,129.91,725.95,260.77,112.71,724.04,742.19,138.98,186.50,143.52,266.26,242.86,
921.23,217.91,131.41,727.32,260.92,112.78,724.93,743.09,139.78,189.24,144.32,268.56,245.86,
921.63,215.71,132.97,728.45,262.11,112.40,726.54,745.67,140.62,189.65,145.64,268.81,246.33,
922.02,218.03,132.92,731.54,264.41,109.97,725.81,743.97,141.05,189.10,143.92,267.99,246.48,
922.42,219.50,131.51,728.78,263.97,109.75,721.13,744.56,141.31,188.65,142.27,268.51,245.56,
922.82,218.72,132.57,725.54,260.35,108.40,718.84,745.17,140.47,187.37,142.86,268.01,245.04,
923.22,218.45,131.26,722.43,258.70,107.31,714.77,742.55,137.49,185.88,142.76,266.60,243.37,
923.62,216.74,128.75,716.40,257.02,106.21,710.65,739.42,135.46,182.94,141.70,264.46,240.24,
924.01,215.91,127.62,710.57,253.33,105.07,706.25,733.60,134.58,180.64,139.86,260.77,237.50,
924.41,214.55,127.19,701.25,249.11,104.64,702.21,724.29,133.67,178.31,137.99,257.03,234.95,
924.81,208.31,125.03,692.60,245.74,103.67,693.08,713.24,131.51,175.67,135.11,251.74,231.35,
925.21,205.45,121.68,684.02,244.33,101.52,683.06,702.74,128.64,172.33,130.56,247.93,227.29,
925.60,200.69,118.59,672.64,237.66,99.14,672.64,695.21,125.31,168.52,128.19,244.86,222.53,
926.00,195.83,115.19,659.95,231.82,96.71,660.91,682.51,121.67,164.39,125.27,239.50,217.18,
926.40,189.05,112.52,645.84,227.92,94.28,646.32,665.51,118.52,160.74,121.63,233.91,212.80,
926.80,182.85,109.42,631.10,222.68,90.70,631.10,650.77,114.46,154.53,117.34,227.00,206.61,
927.19,179.53,106.33,615.88,213.61,85.69,614.44,632.20,111.85,148.09,112.81,218.89,198.97,
927.59,174.34,102.30,594.10,207.48,83.81,594.10,611.39,107.10,141.68,107.10,210.84,191.87,
927.99,165.98,98.14,572.98,199.17,80.58,572.98,586.93,102.23,135.19,102.71,202.30,183.54,
928.39,158.62,93.53,550.10,189.47,76.66,553.47,567.93,96.66,128.97,97.63,194.53,175.49,
928.78,150.68,86.45,524.98,178.70,72.44,528.84,541.88,91.04,121.95,92.73,184.73,165.66,
929.18,142.15,81.23,500.42,169.22,67.93,503.32,513.95,85.82,114.35,86.30,174.06,156.65,
929.58,133.71,77.03,472.82,160.35,63.95,479.11,484.44,81.39,108.52,79.93,164.23,148.00,
929.98,121.80,72.79,446.43,151.88,59.20,453.22,459.05,76.43,101.17,75.21,153.10,138.54,
930.37,114.22,67.07,424.31,146.78,52.73,424.79,430.63,70.72,94.29,67.80,143.14,129.04,
930.77,106.69,61.38,398.01,137.38,47.99,398.50,407.27,66.25,87.45,63.09,134.94,120.09,
931.17,99.60,58.10,374.47,126.45,43.70,374.96,383.74,61.03,81.05,59.08,127.43,111.56,
931.56,93.98,53.35,351.44,117.96,39.89,350.46,362.21,56.29,75.87,54.82,119.43,104.75,
931.96,88.43,48.88,332.59,110.53,36.35,329.64,340.45,51.58,69.27,50.60,111.52,96.29,
932.36,85.35,46.62,313.78,101.14,33.06,310.82,321.67,48.10,63.15,47.12,103.36,90.04,
932.75,81.73,44.08,293.23,95.60,32.20,292.74,303.14,46.06,59.44,43.09,96.59,83.96,
933.15,77.12,41.29,277.12,92.04,30.85,278.62,284.09,43.04,55.72,40.05,89.80,78.86,
933.55,72.01,38.25,265.53,87.01,28.25,264.53,272.53,39.75,53.26,36.50,86.51,75.01,
933.94,68.35,34.93,253.79,81.41,26.64,253.79,265.35,36.44,50.26,34.93,82.17,71.36,
934.34,66.14,32.82,245.88,78.76,24.74,244.87,254.96,34.84,47.96,33.57,78.76,68.92,
934.74,63.46,32.75,240.13,79.20,24.11,238.61,248.76,34.52,48.48,31.98,77.93,68.28,
935.13,59.76,33.20,237.51,79.17,23.50,237.00,248.24,32.69,47.25,32.69,77.13,67.42,
935.53,63.69,33.39,241.40,79.10,21.57,235.24,247.56,33.13,47.00,32.10,76.53,67.80,
935.93,64.61,33.34,242.43,81.67,21.97,236.74,249.67,35.15,47.04,31.79,78.31,69.27,
936.32,66.13,36.19,247.32,79.14,23.69,242.64,256.69,35.67,48.42,33.84,80.97,71.07,
936.72,69.24,36.98,253.89,80.78,25.18,250.75,264.38,35.41,49.57,36.20,83.93,73.96,
937.12,71.91,36.22,262.25,83.01,26.70,259.61,272.83,36.48,51.29,37.28,86.18,75.87,
937.51,74.08,38.64,270.72,86.33,28.78,269.12,280.31,38.90,51.96,38.10,88.20,78.07,
937.91,77.28,41.06,277.47,89.63,30.32,281.23,287.67,42.13,54.74,39.18,90.16,81.31,
938.31,77.29,42.43,285.93,94.05,31.89,289.18,293.50,43.51,57.02,41.62,91.08,83.78,
938.70,78.99,43.03,297.97,99.14,32.14,297.97,301.23,44.12,59.10,41.13,94.78,86.61,
939.10,79.61,43.37,304.72,100.48,32.67,306.37,312.41,46.12,60.94,42.55,98.55,88.67,
939.49,82.38,44.51,310.72,102.28,33.45,314.04,320.67,46.99,63.03,45.61,100.90,89.84,
939.89,84.03,45.35,316.64,106.29,34.50,317.75,326.10,48.14,65.39,47.58,104.06,93.77,
940.29,84.60,46.50,322.14,107.57,35.01,323.26,332.78,47.90,64.99,48.46,104.76,94.68,
940.68,89.60,47.90,326.29,105.38,34.38,326.85,337.56,49.31,65.37,49.03,104.82,95.52,
941.08,94.05,48.44,325.22,107.08,36.83,328.61,338.25,51.84,64.87,48.73,105.38,95.75,
941.47,91.72,48.99,324.15,105.96,37.31,329.28,334.98,51.84,65.51,48.42,104.54,95.71,
941.87,91.69,48.42,323.78,104.30,37.82,328.94,336.39,49.28,65.62,47.85,105.16,93.98,
942.27,89.21,45.75,319.99,102.44,37.70,325.74,334.37,48.63,65.32,48.63,103.88,92.08,
942.66,88.91,44.45,316.36,103.34,36.66,322.71,328.49,48.49,64.66,47.34,101.32,90.35,
943.06,86.90,44.90,313.40,103.12,36.21,320.93,323.25,48.66,65.17,46.63,99.64,89.21,
943.45,81.29,45.00,309.48,103.35,35.42,317.02,320.51,47.61,64.16,47.32,97.26,87.97,
943.85,80.84,44.49,310.58,106.43,32.57,311.16,315.23,47.98,63.69,45.37,96.55,87.53,
944.24,80.35,43.67,308.03,105.39,32.03,309.19,315.59,49.20,63.47,43.09,97.53,87.05,
944.64,79.20,44.84,305.74,102.50,31.16,305.74,316.81,47.17,62.31,44.84,98.13,86.19,
945.04,79.72,44.23,304.34,100.67,31.13,302.60,315.98,45.39,62.56,45.97,98.34,87.00,
945.43,79.66,42.74,305.84,100.01,30.82,301.77,315.14,45.06,61.05,45.93,97.97,85.47,
945.83,81.90,44.44,305.54,98.17,30.79,304.38,316.58,45.89,60.41,45.31,97.30,85.10,
946.22,84.08,45.23,305.01,99.74,32.76,306.75,316.03,46.68,61.47,45.23,97.42,85.24,
946.62,81.00,45.42,306.06,101.83,33.56,307.79,313.00,47.44,61.33,45.42,97.20,86.20,
947.01,79.68,45.32,309.46,101.62,32.91,308.89,316.39,47.05,63.22,43.30,99.31,87.76,
947.41,79.50,44.93,312.24,101.97,33.13,312.82,323.18,46.38,63.66,45.22,101.39,88.14,
947.80,81.51,45.06,315.12,102.74,33.29,315.69,324.87,46.21,64.29,46.21,102.46,89.54,
948.20,81.27,46.36,319.92,104.16,33.77,318.20,327.93,46.93,66.96,46.36,105.02,92.71,
948.59,80.45,47.93,323.51,106.13,33.95,321.80,334.35,46.50,65.33,47.93,105.55,93.00,
948.99,84.11,49.44,327.33,106.27,32.11,323.35,338.13,48.02,65.92,48.02,106.55,94.34,
949.38,86.65,49.55,326.21,107.61,32.56,323.95,339.81,49.27,66.26,48.14,108.17,95.43,
949.78,88.10,51.96,329.24,105.04,33.60,326.42,343.36,49.70,66.64,48.85,110.41,96.29,
950.17,89.53,51.80,329.96,103.61,34.91,328.83,347.42,48.14,67.01,50.39,110.93,96.29,
950.57,92.10,49.98,329.11,103.90,35.66,331.35,348.20,48.86,67.67,51.39,111.48,96.32,
950.96,92.95,50.67,331.48,105.27,36.40,334.28,348.27,49.55,66.91,50.95,111.71,96.31,
951.36,94.91,52.76,331.62,105.52,37.96,340.56,348.93,51.36,67.83,50.53,111.38,97.98,
951.75,92.94,53.15,332.25,107.41,38.40,342.27,347.27,52.31,68.73,52.31,111.03,98.51,
952.15,94.36,53.01,339.14,112.12,36.08,345.80,347.47,53.56,69.66,50.79,112.95,99.08,
952.54,95.27,52.62,341.22,111.34,36.84,347.31,352.85,54.28,69.79,51.79,115.22,99.43,
952.94,96.74,53.90,344.40,110.56,37.31,349.92,357.66,53.35,70.76,54.17,116.09,100.33,
953.33,97.05,54.04,346.85,113.04,38.32,351.26,358.43,53.77,72.24,55.70,118.01,103.12,
953.73,96.83,54.74,350.45,114.43,37.96,354.85,362.00,53.91,71.52,56.67,118.01,102.88,
954.12,99.86,56.51,353.35,114.13,38.41,357.74,365.97,54.87,71.05,57.34,117.97,103.98,
954.51,102.34,57.19,354.65,115.48,40.77,360.12,368.88,57.19,72.79,57.19,119.04,105.08,
954.91,102.64,57.60,358.14,119.01,42.04,363.05,368.51,58.42,73.97,57.87,120.38,105.91,
955.30,103.53,58.03,363.43,118.78,43.32,368.34,373.78,58.03,75.47,57.21,123.14,107.34,
955.70,103.87,56.28,367.62,121.27,44.32,371.43,379.58,56.56,76.13,59.82,124.26,108.49,
956.09,105.78,56.15,369.97,123.14,44.75,373.77,381.36,58.04,77.30,60.21,124.50,109.31,
956.49,105.52,57.63,376.09,125.54,45.19,378.26,381.50,59.53,80.36,60.61,126.09,112.29,
956.88,101.50,59.12,378.45,128.49,45.08,382.77,388.17,58.85,80.98,63.16,126.33,113.91,
957.27,103.38,59.50,387.15,134.61,43.35,382.84,391.45,60.31,82.38,63.54,127.88,115.23,
957.67,103.67,59.62,392.12,136.44,43.78,384.60,398.03,62.58,83.80,62.58,131.06,117.10,
958.06,105.01,62.42,394.34,135.02,45.54,388.44,406.13,62.95,85.19,64.56,133.41,119.75,
958.46,106.93,63.35,398.84,137.40,46.25,393.49,412.20,62.82,86.88,66.56,135.53,122.70,
958.85,109.39,61.90,403.95,139.27,46.96,398.08,415.69,64.03,86.98,67.77,137.14,123.00,
959.24,113.54,63.70,409.39,139.66,47.44,404.59,422.18,66.37,87.69,67.43,138.60,123.94,
959.64,116.56,65.20,413.00,140.50,50.56,410.34,426.84,69.19,89.68,67.86,140.24,126.67,
960.03,118.60,64.88,416.95,144.66,51.59,414.82,428.12,71.00,90.94,68.60,140.67,128.97,
960.42,119.61,65.65,426.36,147.79,51.83,420.51,432.74,72.03,92.77,68.05,144.33,131.04,
960.82,121.19,66.71,431.07,147.77,53.15,428.42,441.70,72.82,94.35,69.90,146.97,132.62,
961.21,122.67,67.18,435.45,148.69,54.43,435.99,448.20,73.28,96.65,73.02,148.96,134.62,
961.61,124.71,68.73,440.48,152.84,55.19,441.01,453.22,75.62,99.77,74.56,152.58,138.51,
962.00,123.55,71.32,449.67,155.90,55.41,448.61,461.86,75.83,99.96,76.62,155.10,139.99,
962.39,129.37,73.17,457.04,156.41,55.41,455.45,470.82,77.68,101.27,78.21,157.21,142.36,
962.79,133.66,74.52,462.51,159.65,57.81,461.45,478.43,81.42,103.69,78.23,160.98,145.33,
963.18,136.46,77.52,469.38,159.82,59.73,470.44,486.90,82.83,106.19,80.44,164.60,147.88,
963.57,140.31,79.45,475.13,160.50,61.92,478.85,495.86,82.64,108.15,82.64,169.01,150.40,
963.97,142.53,78.71,483.42,162.20,64.08,488.74,504.69,84.03,110.62,85.89,171.78,153.16,
964.36,145.70,80.29,491.87,165.91,65.41,497.19,511.55,86.41,113.80,87.74,174.15,155.27,
964.75,148.29,83.98,501.19,170.61,68.03,510.76,520.33,89.29,119.05,89.56,176.99,159.45,
965.15,149.74,86.55,511.33,174.69,70.35,520.36,530.45,89.47,121.86,93.45,180.00,164.87,
965.54,153.40,87.85,527.08,182.59,69.80,530.80,540.88,92.09,125.80,94.48,184.45,169.85,
965.93,155.45,89.93,538.50,186.22,72.15,541.69,556.54,95.76,129.98,97.36,191.00,173.22,
966.32,157.45,94.63,548.16,189.26,73.69,553.46,569.89,97.28,133.86,101.52,196.41,178.39,
966.72,161.60,96.43,560.56,193.39,75.77,561.62,582.28,99.87,137.49,105.17,201.60,185.17,
967.11,164.16,99.03,573.51,198.59,77.58,571.40,594.17,103.26,139.27,107.24,205.73,187.46,
967.50,170.48,102.71,585.55,198.54,79.41,582.90,605.67,106.68,141.89,109.33,209.12,191.39,
967.90,177.42,105.13,593.18,202.85,83.42,594.24,615.95,109.90,146.44,111.22,213.70,196.75,
968.29,180.05,106.44,603.68,207.58,86.05,602.09,624.33,112.53,149.33,113.32,216.58,200.43,
968.68,182.22,108.06,613.95,211.36,87.67,610.77,634.61,114.68,152.82,113.89,222.48,202.88,
969.07,183.36,108.64,622.15,213.04,89.56,620.56,644.41,116.06,155.27,117.38,226.28,205.62,
969.47,187.07,109.17,631.69,216.22,90.89,627.45,649.71,117.65,157.66,118.97,227.61,208.80,
969.86,188.29,111.38,638.06,221.17,91.76,631.69,653.97,119.60,161.50,119.60,229.66,210.83,
970.25,185.30,113.09,642.45,224.06,92.65,636.07,660.50,119.46,160.88,121.59,230.43,212.38,
970.64,189.78,114.03,647.49,226.46,90.64,635.26,662.37,120.67,161.07,122.27,232.04,213.97,
971.04,190.03,113.12,648.35,227.83,91.02,635.57,663.79,123.23,161.82,121.10,233.15,213.19,
971.43,190.90,114.91,644.68,225.03,91.45,635.08,663.88,123.18,161.04,121.84,234.09,212.23,
971.82,190.14,115.10,643.60,221.66,91.60,632.92,662.30,121.24,160.23,122.04,233.67,212.58,
972.21,191.08,111.33,639.61,221.05,91.53,632.12,658.34,120.43,158.70,122.57,232.03,209.81,
972.61,192.57,111.30,636.17,220.46,90.92,630.80,655.48,119.89,157.97,121.76,230.38,207.32,
973.00,193.50,111.53,632.63,219.83,91.91,632.63,653.05,119.59,157.75,119.86,229.24,207.20,
973.39,191.69,110.65,628.91,221.30,91.54,628.91,646.68,119.00,157.23,118.73,226.42,206.50,
973.78,190.97,109.24,627.41,223.88,90.36,626.33,644.67,118.95,156.72,117.34,227.12,205.54,
974.17,189.69,109.17,626.35,222.65,90.52,626.89,644.73,118.08,156.72,117.00,228.33,204.55,
974.57,188.20,109.51,626.25,221.19,90.31,626.25,644.09,116.54,156.02,118.71,226.33,204.96,
974.96,188.37,109.07,626.28,223.01,90.40,624.11,644.14,116.65,156.97,118.81,226.80,207.04,
975.35,185.79,109.96,625.09,224.79,89.65,625.09,647.30,116.46,154.92,119.71,226.42,206.11,
975.74,189.66,111.09,629.14,222.72,88.60,626.97,649.73,116.51,154.17,120.03,227.05,207.82,
976.13,191.48,111.74,628.13,225.11,90.86,628.13,650.91,119.60,155.41,119.60,228.90,209.65,
976.53,190.00,112.64,628.63,224.74,91.74,630.26,653.60,121.60,156.34,120.24,230.72,210.36,
976.92,190.75,113.31,631.49,223.90,92.93,634.75,658.12,121.46,156.51,120.37,232.60,211.95,
977.31,192.52,112.85,636.28,225.15,94.63,637.37,661.84,121.27,157.98,123.45,234.66,212.37,
977.70,195.31,112.89,640.32,228.49,95.20,641.41,664.26,123.22,159.94,124.04,235.29,213.53,
978.09,196.44,115.09,644.29,229.64,96.86,646.47,668.78,125.70,163.79,124.61,236.98,216.58,
978.48,193.83,117.33,650.63,233.03,97.73,652.80,674.58,124.95,164.97,126.86,237.93,218.87,
978.87,198.90,117.71,660.46,238.68,96.18,655.01,677.90,126.97,167.84,128.06,240.59,221.52,
979.27,198.54,118.63,666.53,241.09,97.09,659.44,685.62,129.54,169.91,130.36,245.18,223.36,
979.66,199.27,121.74,672.05,239.67,98.54,664.96,692.80,129.66,171.70,133.21,247.86,225.20,
980.05,202.30,123.30,676.90,240.58,99.79,669.24,698.77,130.40,173.33,135.87,250.69,229.92,
980.44,206.08,122.77,683.45,243.89,100.85,673.04,702.63,131.54,174.29,138.11,252.94,230.47,
980.83,209.31,124.98,690.01,242.27,102.18,678.48,707.59,133.50,175.52,139.27,254.36,231.84,
981.22,212.71,126.47,692.15,243.57,105.25,683.88,711.99,135.56,178.82,140.25,256.80,234.21,
981.61,213.32,127.11,695.79,247.59,106.94,689.16,712.92,137.06,180.99,141.20,258.92,236.53,
982.00,214.00,128.07,704.09,251.14,107.83,693.56,720.17,137.49,183.51,141.10,262.23,238.39,
982.39,215.23,128.75,710.22,251.39,109.84,700.21,726.35,137.09,185.48,143.49,264.45,240.82,
982.79,218.50,129.87,716.25,253.06,110.64,706.22,731.86,137.96,188.40,146.32,266.16,242.47,
983.18,219.02,131.58,721.87,257.01,111.74,711.25,736.40,139.68,191.92,147.78,268.47,246.12,
983.57,216.68,134.09,729.54,260.91,113.10,718.34,747.45,140.25,192.04,150.05,269.31,248.59,
983.96,221.47,135.97,738.42,263.52,111.86,721.60,752.44,141.29,193.16,151.10,271.65,250.91,
984.35,224.52,136.40,742.61,267.18,113.38,724.09,756.64,145.66,195.62,151.83,275.88,253.71,
984.74,223.58,138.48,746.03,265.16,116.01,728.05,762.32,146.62,196.34,153.36,278.92,256.17,
985.13,225.44,139.14,749.41,265.36,117.78,732.55,769.09,146.17,197.33,154.32,281.38,258.61,
985.52,226.72,137.27,753.28,266.66,118.98,735.84,771.28,146.83,198.87,156.11,282.13,259.63,
985.91,227.86,138.12,756.16,268.37,119.84,739.84,773.60,149.09,200.01,156.13,282.72,259.93,
986.30,229.41,140.29,756.27,269.33,122.02,747.84,775.39,150.97,201.58,155.19,283.11,262.31,
986.69,229.27,141.61,758.05,273.10,123.06,750.75,777.16,150.88,202.30,155.09,283.22,263.55,
987.08,230.91,141.58,762.94,278.66,122.19,753.96,778.11,151.97,204.22,154.50,286.24,265.74,
987.47,231.38,141.52,766.02,278.55,122.99,756.48,783.43,153.32,204.98,155.84,287.26,266.48,
987.86,231.70,141.94,767.46,276.02,123.42,760.17,787.10,152.31,205.89,158.48,287.80,267.32,
988.25,233.22,142.68,768.62,278.07,123.90,760.77,789.93,153.05,207.43,160.06,290.13,269.94,
988.64,232.03,142.36,771.75,280.79,124.14,762.23,790.81,153.57,207.37,161.69,290.60,269.58,
989.03,234.65,143.93,774.51,277.77,123.48,764.99,793.55,154.57,207.21,161.85,290.65,271.61,
989.42,237.25,144.36,772.18,278.10,125.90,766.58,792.88,156.39,208.43,161.43,293.48,272.50,
989.81,237.62,145.37,772.69,278.44,127.20,768.77,792.81,157.67,209.67,161.58,294.93,273.12,
990.20,237.77,145.12,771.93,276.84,128.10,771.37,794.81,156.56,210.42,160.47,295.82,272.94,
990.59,238.96,143.99,772.01,275.16,128.67,774.24,797.63,155.68,211.66,162.37,296.05,273.21,
990.98,239.25,144.60,774.93,277.00,128.78,777.15,797.13,155.98,212.88,163.20,295.32,272.83,
991.37,239.71,146.37,774.91,280.03,130.07,778.78,797.56,156.86,214.85,162.94,295.22,273.68,
991.76,237.17,147.96,776.29,281.64,130.39,780.13,802.64,154.82,215.48,164.70,294.26,275.05,
992.15,242.55,148.26,782.15,285.61,128.09,779.97,803.41,155.89,216.66,164.88,295.69,276.34,
992.54,241.48,148.02,783.87,286.32,128.84,779.55,806.56,158.02,217.17,165.85,299.02,276.33,
992.93,240.95,150.40,785.37,283.70,129.83,779.49,810.48,157.88,217.18,167.49,299.72,276.75,
993.32,242.18,150.37,787.21,283.33,129.79,781.93,813.06,157.76,217.91,169.37,301.54,278.85,
993.71,243.39,149.78,789.45,284.47,129.75,782.17,813.37,158.62,216.60,169.80,302.41,277.71,
994.10,244.10,151.73,791.16,284.53,130.75,784.50,814.18,159.41,216.47,169.90,302.18,277.37,
994.49,246.25,153.03,791.03,283.94,132.42,786.00,814.65,160.06,217.61,168.86,302.54,279.17,
994.87,246.45,153.29,789.63,286.87,133.33,786.18,813.78,160.69,218.36,168.08,303.38,279.48,
995.26,245.64,152.98,790.97,289.55,132.47,787.10,813.16,161.67,218.61,167.22,304.51,279.18,
995.65,243.09,152.23,791.12,288.41,132.17,789.23,815.19,161.20,218.55,169.22,304.46,279.91,
996.04,243.45,152.16,792.13,289.09,131.87,788.90,817.49,161.15,218.78,170.60,304.08,279.87,
996.43,242.57,153.01,792.07,290.72,131.64,787.57,815.47,161.79,220.29,171.01,304.68,280.15,
996.82,240.25,153.07,792.36,291.64,131.11,788.40,816.95,161.63,219.17,172.39,304.38,280.00,
997.21,242.69,153.29,794.95,289.00,129.28,787.66,817.25,162.08,218.89,171.73,305.07,280.63,
997.60,244.17,153.08,794.49,288.14,129.83,786.53,815.01,164.59,218.62,171.09,306.57,280.61,
997.99,241.21,153.57,792.42,286.25,130.84,785.05,813.31,164.63,218.48,171.79,306.94,280.11,
998.38,239.89,152.44,789.46,284.01,130.77,784.65,814.33,163.27,219.03,171.09,306.08,280.20,
998.76,239.38,150.20,786.65,282.69,130.71,783.11,811.46,162.61,218.51,171.07,304.54,278.95,
999.15,239.46,149.96,783.87,282.47,130.97,781.16,809.06,161.97,217.76,169.91,303.40,277.05,
999.54,239.06,150.32,779.90,281.90,131.77,782.19,806.29,161.98,219.36,168.87,301.59,277.11,
999.93,237.76,149.74,776.88,281.68,131.18,779.16,804.14,160.53,219.02,167.91,299.28,276.94,
1000.32,238.97,148.84,775.99,284.13,130.59,777.12,800.46,161.07,218.27,166.71,299.75,276.42,
1000.71,237.95,147.68,774.27,283.36,130.23,774.27,799.41,161.57,217.49,166.45,298.75,274.73,
1001.09,236.22,147.21,772.12,280.16,129.75,771.37,797.66,159.61,217.25,167.12,297.81,274.34,
1001.48,236.54,146.94,769.62,278.80,129.97,766.97,795.65,158.83,216.74,166.56,297.66,274.84,
1001.87,234.63,146.02,768.15,278.36,129.48,764.34,791.34,158.38,214.85,166.18,296.42,272.46,
1002.26,235.76,146.34,767.65,274.99,128.65,761.11,788.42,158.07,213.45,164.99,294.79,271.91,
1002.65,236.51,146.16,761.44,274.76,129.57,756.37,784.47,158.46,212.51,163.72,294.47,271.25,
1003.03,234.10,145.87,759.15,274.25,129.77,754.78,779.82,158.39,211.25,162.56,293.72,269.88,
1003.42,231.76,144.90,755.74,273.97,129.27,752.09,778.47,157.28,210.65,160.93,292.84,268.69,
1003.81,231.08,143.60,752.68,272.23,129.05,750.60,777.62,156.06,210.30,161.47,291.35,267.86,
1004.20,231.86,143.42,751.83,272.35,128.71,748.85,773.14,155.14,209.27,161.53,290.25,267.23,
1004.59,231.10,144.00,750.63,272.68,128.24,747.56,771.20,154.72,210.53,161.07,289.53,266.99,
1004.97,228.19,144.92,750.27,273.19,127.60,747.57,770.98,153.93,209.96,161.58,287.60,267.12,
1005.36,232.44,144.70,753.82,274.58,125.48,744.09,770.02,153.73,208.60,160.90,287.31,267.63,
1005.75,231.53,144.35,752.24,275.84,125.29,743.18,768.43,155.54,207.95,161.26,288.94,266.55,
1006.14,228.20,145.44,750.71,272.27,124.87,741.90,769.81,155.24,207.88,162.09,288.43,265.66,
1006.52,226.99,144.70,750.94,270.28,124.07,743.90,769.57,153.01,208.12,162.57,289.41,267.26,
1006.91,228.45,142.91,749.97,270.32,124.05,743.25,769.09,152.73,207.00,162.55,288.67,265.93,
1007.30,228.50,143.94,750.18,270.38,124.06,745.41,768.21,153.48,206.23,162.49,287.88,265.08,
1007.69,230.44,145.38,747.30,269.03,125.28,747.85,767.96,154.90,206.26,161.69,287.51,265.77,
1008.07,231.47,145.22,746.71,270.97,126.31,748.38,765.07,153.01,206.71,161.08,286.00,266.80,
1008.46,232.33,144.92,748.23,275.60,126.13,751.08,767.59,152.89,207.56,159.72,287.56,267.35,
1008.85,232.21,144.91,749.01,274.11,126.87,752.50,771.70,153.35,208.35,160.92,287.79,267.71,
1009.23,232.68,144.53,749.08,272.45,126.43,753.83,772.82,152.25,208.64,162.34,286.69,267.70,
1009.62,234.71,145.49,748.30,274.03,127.34,752.54,773.71,152.14,210.21,162.42,287.65,269.80,
1010.01,232.86,145.39,749.11,276.60,126.60,754.04,776.21,152.47,208.84,163.56,286.77,268.29,
1010.40,235.87,146.79,753.39,273.50,125.15,755.90,777.23,153.69,207.95,163.41,286.99,270.05,
1010.78,239.15,146.04,750.61,274.22,127.55,755.07,776.76,155.93,207.26,162.94,288.57,270.72,
1011.17,236.47,148.04,749.58,271.45,128.28,754.76,777.43,156.13,208.29,162.29,290.24,269.83,
1011.56,234.88,147.70,750.69,269.09,129.28,755.95,779.63,155.60,208.56,161.19,290.80,270.08,
1011.94,236.82,144.43,749.82,268.84,129.08,756.49,781.18,153.77,206.80,162.44,290.86,269.51,
1012.33,238.68,144.69,749.84,269.78,130.50,754.58,780.27,154.16,205.55,161.26,289.39,268.77,
1012.72,239.11,146.96,748.17,270.63,132.23,757.76,780.37,155.18,208.28,159.98,289.13,268.23,
1013.10,237.97,147.78,746.52,272.66,132.51,757.62,779.13,151.94,208.83,160.61,286.19,268.15,
1013.49,243.14,146.87,748.40,278.28,132.11,756.13,779.31,151.79,209.76,160.22,287.41,269.14,
1013.87,239.22,145.24,748.98,278.37,131.71,755.38,784.57,155.92,210.03,160.55,289.41,268.41,
1014.26,236.89,146.16,748.82,273.61,131.40,753.86,786.98,155.52,210.60,163.08,290.17,267.85,
1014.65,238.09,144.53,747.77,273.04,130.33,750.68,785.63,154.00,210.79,163.82,291.61,269.77,
1015.03,238.62,143.61,749.73,274.70,129.62,749.73,783.61,154.66,208.42,164.97,291.27,267.34,
1015.42,239.02,144.83,754.30,271.79,127.33,749.83,784.83,155.25,207.00,164.19,290.03,266.57,
1015.81,241.44,145.92,748.39,269.27,129.37,746.89,779.23,156.45,208.35,162.47,290.33,266.64,
1016.19,241.05,146.00,745.20,272.23,129.65,742.92,772.58,155.88,208.73,161.59,290.10,266.90,
1016.58,237.40,146.36,746.76,277.35,128.69,741.38,774.42,155.96,209.35,158.26,291.17,265.82,
1016.96,235.95,144.36,745.88,273.98,128.45,744.33,774.60,156.01,207.62,160.28,291.06,265.44,
1017.35,236.86,143.53,745.89,274.51,127.45,743.53,770.20,154.12,208.63,161.57,289.02,264.32,
1017.73,236.15,145.02,745.69,277.36,127.98,741.73,768.67,154.13,211.58,162.06,287.66,265.07,
1018.12,231.34,146.89,746.06,279.37,126.88,743.66,771.68,153.30,210.93,163.70,286.18,264.56,
1018.51,236.85,146.31,752.59,278.89,123.68,740.46,769.56,153.99,209.37,163.69,286.16,265.55,
1018.89,235.32,145.85,754.16,278.62,124.20,739.45,770.50,158.10,209.99,163.01,289.65,266.78,
1019.28,232.45,147.55,755.04,275.31,123.64,738.55,771.53,159.09,208.95,163.62,290.97,266.65,
1019.66,229.41,147.54,755.57,270.97,122.19,738.11,772.19,156.27,206.97,162.50,292.58,267.23,
1020.05,232.16,144.16,756.82,268.20,121.53,738.38,768.55,155.05,205.34,163.01,290.83,265.26,
1020.43,230.70,144.93,754.65,267.89,121.69,738.59,767.32,155.49,205.77,162.68,288.59,263.66,
1020.82,230.99,147.03,750.08,267.64,124.44,743.26,766.27,156.41,206.70,161.10,288.10,265.08,
1021.20,230.27,146.50,746.67,269.80,125.88,744.10,759.56,155.09,206.65,159.82,285.70,265.50,
1021.59,230.55,145.61,749.73,277.36,125.68,745.40,761.00,156.45,205.85,158.61,287.32,266.96,
1021.97,227.93,144.09,750.16,275.96,126.63,745.79,766.75,158.94,205.66,160.69,287.75,265.48,
1022.36,226.83,143.75,749.95,268.15,125.72,748.19,764.89,155.18,205.29,163.53,285.74,264.20,
1022.74,227.55,142.55,749.93,268.27,126.17,742.85,764.98,154.50,208.07,164.24,286.87,265.18,
1023.13,222.79,141.69,750.35,268.24,125.65,742.33,769.06,153.72,204.52,165.75,285.17,263.33,
1023.51,226.95,143.97,755.29,261.03,122.44,741.83,770.54,154.74,204.07,164.60,286.15,263.27,
1023.90,232.21,144.11,749.02,262.93,125.14,741.79,767.09,156.31,203.74,163.09,287.32,264.73,
1024.28,230.13,144.63,748.60,261.06,125.53,739.51,767.71,157.82,204.66,161.45,288.34,264.69,
1024.67,226.88,143.63,743.75,259.81,125.33,738.26,768.45,155.52,204.46,158.72,287.71,264.84,
1025.05,224.67,141.34,743.06,256.89,125.22,738.45,769.76,153.31,205.33,161.13,286.36,262.88,
1025.44,228.88,140.39,739.47,259.46,127.42,739.47,765.42,152.44,205.72,161.24,283.56,261.32,
1025.82,227.64,143.21,737.95,261.22,129.21,740.75,764.07,153.00,207.58,158.60,282.21,262.15,
1026.21,220.71,144.64,735.40,262.98,130.08,741.04,761.70,149.80,206.16,160.13,279.41,262.51,
1026.59,226.29,145.33,741.35,268.89,129.24,736.61,760.28,150.07,207.82,159.54,280.25,262.74,
1026.97,224.28,143.64,739.65,270.09,128.84,733.93,762.56,154.13,207.58,159.38,282.98,260.07,
1027.36,220.10,146.57,740.08,264.31,126.87,731.43,766.99,152.82,207.61,160.03,283.06,259.03,
1027.74,220.90,145.82,741.19,262.57,126.44,728.60,765.41,147.75,207.82,160.83,284.37,262.08,
1028.13,221.84,142.19,740.76,263.86,126.07,725.12,765.19,148.54,205.71,162.22,284.87,258.97,
1028.51,224.60,142.84,740.80,263.02,124.12,726.03,764.44,149.24,203.43,161.56,283.71,259.08,
1028.89,227.44,145.01,735.96,262.20,127.13,730.00,761.78,151.96,205.09,158.91,282.56,260.71,
1029.28,227.56,143.85,734.80,264.65,128.82,727.78,752.84,151.37,205.50,156.38,280.69,260.64,
1029.66,226.37,142.49,736.71,270.83,127.33,723.57,752.88,151.08,206.16,154.11,281.95,260.22,
1030.05,224.26,141.18,734.95,268.09,126.91,725.78,754.32,152.39,204.89,156.47,280.83,258.92,
1030.43,226.28,140.40,737.47,267.42,127.03,728.21,752.89,150.17,205.71,158.40,279.76,257.65,
1030.81,227.16,140.03,734.39,269.69,126.55,724.01,748.91,150.92,207.97,158.70,281.10,257.76,
1031.20,218.67,140.72,733.42,270.98,125.55,726.10,754.35,150.66,204.54,160.60,279.87,258.95,
1031.58,227.01,142.01,741.20,267.13,121.95,725.36,750.70,151.51,204.83,160.49,280.32,259.74,
1031.96,230.28,141.26,743.08,270.79,123.67,723.89,752.67,155.12,204.69,158.32,283.58,260.66,
1032.35,225.36,142.19,739.41,265.07,122.88,721.17,753.36,156.15,203.90,158.83,284.93,259.17,
1032.73,222.62,141.57,739.17,258.28,119.95,722.96,756.46,152.91,203.71,157.24,285.84,262.06,
1033.11,225.43,135.58,736.18,254.83,120.34,723.12,753.61,151.38,203.10,160.09,284.24,259.19,
1033.50,224.82,134.35,733.69,255.53,121.19,727.11,752.34,153.54,202.89,159.02,281.85,256.08,
1033.88,225.14,137.40,728.40,254.94,123.06,735.02,748.27,154.51,203.07,155.61,279.77,258.25,
1034.26,222.44,139.02,725.15,258.03,123.45,734.05,739.61,150.15,204.09,153.48,275.27,258.58,
1034.65,229.53,138.84,725.53,266.47,122.60,731.13,737.84,152.27,204.89,151.71,275.99,259.20,
1035.03,222.94,137.93,723.98,266.85,122.16,730.74,743.12,155.38,204.92,153.13,278.11,257.84,
1035.41,219.77,141.04,721.61,258.28,121.21,729.54,745.40,152.36,205.04,155.76,278.11,257.72,
1035.79,220.15,140.30,722.06,257.80,123.19,722.06,743.73,149.43,205.89,157.42,281.18,261.22,
1036.18,219.18,137.13,721.82,259.35,121.07,720.67,747.06,150.90,201.40,158.94,279.43,256.48,
1036.56,223.20,141.09,730.91,253.27,117.96,722.81,748.26,151.50,198.92,158.44,278.14,258.48,
1036.94,230.97,142.32,724.41,251.97,121.32,717.41,745.41,152.81,199.48,156.31,278.80,259.55,
1037.32,227.95,142.18,721.46,256.15,121.61,715.59,740.26,152.75,198.58,154.51,279.07,259.09,
1037.71,226.99,142.46,718.81,254.18,120.00,714.08,743.64,153.10,199.21,151.33,280.79,257.73,
1038.09,226.39,140.60,720.88,250.22,120.35,714.93,743.52,151.33,197.80,153.71,280.01,258.57,
1038.47,231.87,138.76,719.65,253.50,123.75,717.25,738.87,149.58,197.03,155.58,276.33,255.90,
1038.85,229.98,141.62,716.58,257.82,122.86,720.21,735.95,151.31,200.33,152.52,277.19,255.40,
1039.24,223.55,146.59,717.08,262.64,124.60,721.96,735.40,147.81,196.07,155.75,274.86,257.15,
1039.62,234.62,145.71,726.09,266.73,123.48,713.74,734.74,148.80,198.19,154.97,275.37,258.08,
1040.00,231.86,144.60,724.24,268.01,124.65,709.29,740.45,154.57,196.33,155.82,281.10,257.41,
1040.38,222.58,147.13,724.34,260.31,123.87,706.73,744.46,155.31,194.29,157.82,282.95,255.91,
1040.76,223.75,145.56,724.63,255.53,123.95,705.56,746.24,152.55,193.23,159.55,284.77,259.98,
1041.15,222.29,139.41,724.70,255.70,124.64,705.42,745.26,152.26,191.45,162.54,283.97,253.77,
1041.53,222.02,140.22,724.49,251.88,121.40,708.91,741.37,152.56,187.61,161.00,283.04,251.23,
1041.91,223.14,144.39,718.00,249.40,125.35,718.00,736.38,154.23,190.33,156.86,281.56,253.99,
1042.29,222.97,144.00,714.02,254.82,128.07,714.02,724.64,153.29,192.44,153.29,275.39,255.48,
1042.67,220.84,141.20,713.38,259.66,125.14,713.38,722.75,153.92,194.07,149.23,278.39,252.29,
1043.05,213.47,138.48,710.65,255.35,122.95,713.35,729.57,154.70,192.52,151.32,277.64,254.00,
1043.44,214.43,137.94,712.93,252.67,121.55,714.30,727.95,150.92,193.26,153.65,275.88,254.03,
1043.82,216.40,136.46,711.23,257.75,121.98,708.47,722.26,148.86,196.42,154.38,277.74,253.62,
1044.20,209.97,139.05,711.94,260.03,120.97,710.55,728.63,147.39,191.89,157.82,277.41,250.99,
1044.58,219.11,140.46,723.34,254.22,117.98,703.68,728.96,147.48,191.02,156.61,275.99,254.22,
1044.96,224.22,139.07,719.48,252.60,124.17,701.03,729.41,151.13,192.29,153.26,278.14,256.14,
1045.34,218.49,141.37,716.87,248.48,121.38,698.31,728.29,152.80,193.50,153.51,279.18,253.47,
1045.72,214.46,140.34,718.23,243.25,118.75,698.08,732.63,148.97,192.15,152.57,278.51,254.76,
1046.10,219.14,134.24,714.03,240.91,118.28,696.61,731.44,145.13,193.02,153.83,277.19,253.25,
1046.48,217.60,132.90,712.69,245.35,116.83,696.62,724.37,144.58,192.05,152.61,273.10,249.00,
1046.87,221.94,137.43,708.45,245.46,118.32,706.98,717.27,146.98,198.42,148.45,269.71,250.60,
1047.25,220.69,139.97,703.55,251.80,120.71,709.48,710.96,141.45,199.22,145.89,265.13,253.28,
1047.63,229.67,138.70,705.42,260.99,119.31,703.93,708.40,142.43,201.34,143.17,264.72,255.02,
1048.01,221.78,136.36,707.28,259.24,117.63,701.29,714.78,146.10,200.05,143.11,269.73,251.00,
1048.39,217.22,141.04,707.48,251.92,117.66,704.46,722.57,144.06,199.87,147.08,270.02,251.92,
1048.77,218.88,139.08,706.81,253.84,120.08,699.21,720.49,139.08,198.36,149.72,272.08,253.84,
1049.15,215.79,134.68,705.53,250.99,119.37,697.88,722.37,140.80,194.37,151.51,270.89,245.63,
1049.53,213.12,138.99,715.02,242.46,115.82,701.12,727.38,142.08,192.27,149.03,267.94,247.86,
1049.91,219.97,139.62,703.58,240.25,121.68,703.58,722.30,144.30,195.79,145.08,267.55,252.73,
1050.29,215.40,139.15,698.09,240.56,123.42,696.52,710.67,143.08,195.75,143.86,264.93,255.50,
1050.67,207.42,137.75,695.09,240.67,118.75,693.51,712.51,141.71,194.75,140.92,266.79,253.34,
1051.05,202.91,134.21,694.99,236.46,117.43,696.59,715.76,139.80,194.12,142.19,265.21,254.03,
1051.43,211.15,132.98,691.47,236.94,117.66,697.92,709.20,136.20,195.84,141.84,261.92,252.25,
1051.81,209.83,135.00,691.29,239.10,119.55,692.92,704.30,133.38,200.88,140.70,261.88,252.12,
1052.19,200.29,138.72,684.59,238.05,120.67,697.73,710.86,132.16,195.36,144.47,258.57,253.64,
1052.57,212.32,139.33,696.67,235.54,116.11,686.71,708.28,132.70,193.24,142.65,258.76,256.27,
1052.95,209.53,135.78,693.97,239.70,115.66,672.18,714.08,139.97,191.93,145.00,263.17,255.63,
1053.33,203.49,140.75,696.95,232.32,115.31,666.42,722.38,139.90,191.62,150.07,267.08,252.66,
1053.71,202.50,139.86,695.03,226.53,114.12,667.57,725.92,137.29,189.63,152.73,268.57,257.42,
1054.09,204.85,130.20,699.62,227.42,113.71,661.43,718.72,136.28,188.36,154.51,265.61,251.73,
1054.47,207.26,129.98,699.06,230.09,112.41,663.93,718.38,138.76,188.82,152.81,260.83,248.53,
1054.85,211.49,134.18,686.01,229.26,115.52,677.13,705.56,142.18,194.61,147.51,258.59,250.59,
1055.23,212.13,133.03,675.95,235.50,118.65,675.95,686.74,137.53,191.46,143.82,252.58,252.58,
1055.60,208.97,129.02,683.25,248.95,115.39,668.72,686.89,139.01,191.71,138.10,255.31,251.68,
1055.98,205.90,126.85,685.71,248.18,113.98,672.85,696.74,143.39,192.11,138.80,258.29,244.50,
1056.36,206.63,128.45,688.78,247.59,111.69,675.75,694.36,139.62,192.67,143.34,256.90,242.00,
1056.74,207.19,126.20,685.62,248.63,114.90,668.67,687.51,139.39,193.07,143.15,260.88,243.92,
1057.12,196.19,127.62,687.62,251.43,116.19,670.48,699.05,142.86,186.67,149.52,260.00,236.19,
1057.50,208.03,130.98,703.06,242.70,109.79,674.16,693.42,145.43,182.99,145.43,258.11,236.92,
1057.88,216.25,131.50,703.29,247.42,115.92,672.12,685.76,147.09,182.15,140.27,260.08,236.70,
1058.26,208.81,133.95,697.35,254.12,117.21,669.77,685.53,148.73,181.23,139.86,262.00,235.40,
1058.64,199.02,133.34,702.53,244.79,117.42,676.65,690.59,143.29,182.10,135.33,262.70,234.84,
1059.01,203.12,125.69,699.84,239.31,115.63,683.75,687.78,136.75,180.99,137.76,261.44,233.28,
1059.39,202.88,125.78,695.87,241.42,117.67,687.75,681.66,134.91,181.57,134.91,255.62,230.26,
1059.77,202.52,129.90,685.29,243.43,117.62,703.70,677.11,135.01,190.25,129.90,254.68,231.16,
1060.15,191.82,134.07,682.72,243.39,119.63,711.60,670.35,128.91,188.73,126.85,249.58,234.11,
1060.53,208.00,135.20,684.31,253.76,118.56,694.71,665.59,127.92,188.24,124.80,250.64,237.12,
1060.91,201.49,133.28,684.23,256.06,116.49,684.23,680.03,138.52,191.00,124.88,257.11,237.17,
1061.28,199.11,140.86,684.18,239.36,114.38,688.42,694.77,136.62,188.52,132.39,259.48,235.12,
1061.66,203.10,141.10,679.86,233.03,112.24,682.00,694.82,132.55,187.07,137.90,264.03,240.52,
1062.04,207.01,134.77,677.10,230.73,112.13,677.10,694.36,131.54,183.29,142.32,263.08,232.89,
1062.42,215.24,140.23,687.02,223.93,106.53,680.49,700.06,135.88,179.36,135.88,257.63,232.63,
1062.80,221.45,140.33,668.75,219.26,111.82,684.09,690.67,135.94,181.99,131.56,255.44,235.71,
1063.17,218.96,137.12,659.08,223.38,116.11,676.78,674.57,137.12,182.46,129.38,251.03,238.86,
1063.55,216.38,132.73,653.61,232.00,111.54,666.99,682.60,138.31,187.38,123.81,255.42,236.46,
1063.93,209.37,127.20,646.11,222.88,109.19,675.38,686.64,139.58,185.73,127.20,252.14,235.26,
1064.31,213.70,122.76,641.09,215.97,109.12,682.01,682.01,134.13,185.28,128.44,248.93,229.61,
1064.68,208.70,123.84,632.97,227.04,108.94,665.08,671.96,135.31,190.35,128.43,251.13,229.34,
1065.06,194.32,126.08,631.55,235.96,111.04,668.56,680.13,134.18,180.44,131.86,247.53,226.71,
1065.44,205.75,128.60,638.30,229.13,106.38,661.68,673.37,136.78,177.70,128.60,246.67,229.13,
1065.82,207.77,127.49,637.47,229.02,113.33,642.19,672.89,145.20,175.89,131.04,253.81,227.84,
1066.19,190.85,132.40,641.74,224.25,108.55,641.74,679.91,146.72,172.96,138.37,257.65,227.83,
1066.57,190.53,130.23,643.93,212.23,106.12,641.51,684.93,139.88,171.23,139.88,260.46,227.91,
1066.95,190.40,118.39,644.44,217.25,107.41,639.56,673.73,135.48,173.31,141.58,256.31,222.14,
1067.32,189.85,117.12,653.39,219.44,110.95,653.39,663.25,135.61,171.36,139.31,251.49,216.97,
1067.70,189.33,124.56,640.23,219.22,113.35,670.12,655.17,138.26,180.61,132.03,246.62,220.47,
1068.08,173.62,124.56,629.07,223.95,118.26,664.30,634.10,128.33,181.17,128.33,236.53,220.17,
1068.45,170.32,122.02,635.52,241.50,114.39,655.86,630.44,129.65,188.11,122.02,241.50,223.70,
1068.83,161.79,121.99,636.89,236.27,111.71,657.44,644.60,133.54,188.76,123.27,247.82,219.57,
1069.21,158.53,127.34,641.90,226.09,109.15,665.29,644.50,131.24,185.81,131.24,248.18,218.30,
1069.58,165.76,127.61,639.35,226.27,111.82,647.24,641.98,130.24,186.81,135.50,255.21,223.64,
1069.96,164.90,131.66,643.65,231.39,109.05,643.65,651.63,134.32,182.19,142.29,251.34,215.44,
1070.34,180.24,138.54,664.45,212.52,98.19,653.69,659.07,139.88,177.55,137.19,247.49,220.59,
1070.71,190.31,141.38,657.94,206.63,110.11,647.07,655.22,142.74,178.08,134.58,247.41,224.30,
1071.09,183.88,138.59,658.67,211.32,109.78,631.22,639.46,144.08,181.13,133.11,252.49,226.42,
1071.47,185.65,137.16,665.00,207.81,103.91,634.52,653.92,139.93,181.49,126.07,254.92,228.59,
1071.84,184.83,126.02,663.72,198.84,103.62,644.12,663.72,134.42,183.43,127.42,253.45,226.84,
1072.22,192.13,122.90,661.14,206.25,108.78,641.37,649.84,128.56,182.24,127.14,245.81,224.62,
1072.59,190.61,126.60,645.81,216.22,110.95,654.35,640.12,130.87,192.04,122.33,243.25,224.75,
1072.97,169.05,131.80,638.96,223.49,108.88,650.42,647.56,124.64,181.95,120.34,234.95,227.79,
1073.35,170.43,128.54,641.28,228.20,108.32,635.50,638.39,125.66,179.10,115.55,235.42,232.54,
1073.72,171.72,123.69,646.12,238.66,106.23,628.65,646.12,138.25,174.63,119.33,245.93,231.38,
1074.10,176.27,135.14,661.01,232.09,102.82,625.75,663.95,138.08,168.92,127.79,249.71,232.09,
1074.47,180.88,131.95,652.36,219.43,99.34,619.74,673.12,128.99,167.54,134.92,252.05,240.19,
1074.85,191.41,119.63,654.98,215.34,101.69,619.09,669.94,124.12,165.99,139.07,248.23,227.30,
1075.22,189.68,123.44,671.40,219.79,94.84,626.24,665.38,123.44,161.08,138.50,243.87,222.80,
1075.60,197.15,124.36,646.05,215.35,103.13,630.89,658.19,125.87,163.79,133.46,242.65,232.03,
1075.97,189.43,117.63,641.62,223.04,111.52,626.34,629.40,114.58,166.52,129.85,236.79,233.73,
1076.35,187.63,112.27,642.88,246.08,104.58,615.20,627.50,116.89,170.72,123.04,243.00,229.16,
1076.72,189.30,108.61,633.06,238.95,103.96,626.86,645.48,116.37,170.68,128.78,240.50,226.54,
1077.10,191.14,104.97,629.84,228.75,103.41,632.97,648.64,111.24,167.64,137.87,230.31,219.35,
1077.47,180.12,109.02,632.01,233.84,107.44,628.85,635.17,112.18,173.80,139.04,235.42,219.62,
1077.85,165.72,116.32,621.43,232.64,105.17,634.18,656.49,117.91,164.12,141.81,227.86,210.33,
1078.22,183.38,115.82,624.14,215.55,94.91,620.92,659.53,120.65,154.43,138.34,225.20,218.77,
1078.60,194.81,113.64,626.64,214.29,107.15,613.66,659.11,131.50,159.10,139.62,232.15,217.54,
1078.97,196.71,121.30,632.74,209.82,99.99,609.79,665.52,134.42,162.28,144.25,234.41,216.38,
1079.35,182.27,120.96,619.72,198.84,96.11,619.72,676.05,130.90,162.39,140.84,233.64,217.07,
1079.72,191.16,100.61,603.68,184.46,93.91,617.09,674.11,124.09,160.98,144.21,228.06,216.32,
1080.10,186.28,98.22,623.20,193.06,96.53,626.58,660.45,123.62,160.88,140.56,221.84,206.60,
1080.47,181.35,107.78,598.79,195.04,95.81,646.70,650.12,130.02,171.08,128.31,218.99,208.72,
1080.84,152.14,108.92,584.36,200.55,105.46,646.60,636.23,119.29,164.24,117.56,204.01,214.38,
1081.22,167.74,103.09,594.09,220.16,103.09,639.52,629.04,115.32,164.25,110.08,207.93,216.67,
1081.59,155.48,102.47,597.18,233.22,95.41,643.11,646.65,134.28,169.61,114.84,215.55,210.25,
1081.97,154.26,114.80,599.11,211.66,87.89,649.33,663.68,129.15,166.82,120.18,213.45,209.87,
1082.34,152.74,114.55,596.41,200.02,89.10,629.14,661.87,125.46,163.65,121.83,221.84,218.20,
1082.71,162.02,117.84,592.86,209.90,86.54,629.69,662.83,128.88,158.34,127.04,222.78,198.85,
1083.09,178.95,124.90,600.24,193.87,72.70,633.80,659.90,132.35,150.99,121.17,216.24,199.46,
1083.46,196.31,130.25,596.49,188.76,88.72,630.47,645.57,134.02,156.67,115.15,218.96,207.64,
1083.83,187.21,131.81,603.64,198.67,93.60,607.46,615.11,133.72,160.46,112.71,225.41,206.31,
1084.21,189.31,127.50,610.43,216.36,79.20,602.71,618.16,129.43,162.27,100.45,233.74,202.83,
1084.58,183.95,113.50,606.63,203.51,80.23,610.54,622.28,127.20,158.51,101.76,228.95,203.51,
1084.95,194.16,106.99,614.19,198.12,83.21,610.22,606.26,118.87,160.48,105.01,221.90,198.12,
1085.33,184.05,114.03,604.16,216.06,88.02,628.16,588.15,118.03,172.04,98.03,226.06,188.05,
1085.70,161.80,123.37,586.52,230.56,88.99,635.06,606.74,111.24,157.75,103.15,212.36,192.14,
1086.07,192.32,118.67,593.34,216.88,92.07,617.89,593.34,108.44,153.45,102.30,210.74,200.51,
1086.45,198.44,113.69,603.57,223.24,88.88,599.44,607.71,128.16,155.03,105.42,223.24,196.37,
1086.82,188.33,127.64,615.20,205.07,79.52,598.46,619.39,131.83,150.66,117.18,230.18,190.42,
1087.19,190.39,122.70,596.56,181.93,80.39,583.87,621.95,118.47,143.85,120.58,230.59,205.20,
1087.57,197.02,102.79,599.62,171.32,87.80,591.06,616.76,113.50,139.20,130.63,227.00,192.74,
1087.94,198.88,108.09,622.58,177.26,77.82,596.64,609.61,116.73,138.35,127.54,220.50,185.91,
1088.31,192.03,106.92,580.45,161.48,89.47,624.09,589.18,115.65,146.20,117.84,213.85,194.21,
1088.68,193.68,101.24,581.05,180.48,94.64,607.46,554.64,99.04,145.26,116.65,200.29,202.49,
1089.06,177.47,93.17,594.51,221.83,86.51,590.07,550.14,95.39,146.41,108.70,208.52,199.65,
1089.43,174.75,85.13,586.97,210.59,80.65,609.37,569.04,105.30,152.34,116.50,208.35,192.67,
1089.80,158.89,86.26,581.09,190.67,83.99,626.49,576.55,97.61,149.81,127.11,202.02,190.67,
1090.17,165.23,91.79,592.08,197.36,89.50,601.26,569.13,91.79,156.05,126.22,213.42,192.77,
1090.54,143.59,99.59,588.27,208.44,90.32,611.43,592.90,97.27,143.59,136.64,210.76,169.07,
1090.92,173.25,107.69,580.61,177.93,93.65,599.34,599.34,107.69,138.13,131.11,201.34,184.95,
1091.29,184.26,106.31,585.86,179.54,103.94,566.97,581.14,115.76,141.74,118.12,210.25,186.63,
1091.66,171.20,111.76,603.97,185.47,95.11,551.66,589.70,121.27,149.80,121.27,221.14,183.09,
1092.03,172.59,112.66,589.67,177.38,86.29,565.70,594.46,115.06,155.81,122.25,222.92,189.37,
1092.40,164.71,87.20,576.50,159.87,94.47,557.12,591.03,106.58,159.87,123.54,218.00,188.94,
1092.78,166.45,90.57,602.15,171.34,93.01,567.88,582.56,97.91,159.10,119.94,208.06,176.24,
1093.15,167.83,101.19,572.61,177.71,88.85,597.29,572.61,98.73,177.71,103.66,207.32,175.24,
1093.52,134.28,104.44,547.07,184.01,99.47,586.85,542.09,94.49,154.17,94.49,184.01,181.53,
1093.89,150.87,100.58,568.28,206.19,93.04,553.20,538.11,88.01,155.90,82.98,188.59,191.10,
1094.26,126.84,98.93,578.38,213.09,88.79,547.94,563.16,114.15,154.74,73.57,205.48,177.57,
1094.63,123.24,115.54,569.98,184.86,79.59,554.58,585.39,115.54,151.48,84.73,202.83,169.45,
1095.00,134.95,109.00,560.56,160.90,85.64,529.41,581.32,98.62,140.14,90.83,210.21,184.26,
1095.37,141.76,107.63,551.30,141.76,86.63,519.80,588.05,86.63,139.14,99.76,210.02,160.14,
1095.75,169.66,113.99,530.19,127.25,66.27,524.89,583.21,92.78,129.90,92.78,198.82,156.41,
1096.12,187.56,115.22,503.74,117.90,85.74,514.45,568.04,88.42,128.61,85.74,190.24,174.16,
1096.49,189.36,105.50,519.39,124.44,75.74,497.75,530.21,73.04,132.55,78.45,194.77,181.25,
1096.86,169.23,100.99,518.60,141.93,60.05,491.30,545.89,70.97,136.47,70.97,199.25,177.41,
1097.23,154.74,77.37,502.91,132.63,55.26,497.38,541.59,63.55,129.87,80.13,185.14,176.85,
1097.60,162.63,70.10,521.53,128.98,67.29,510.31,521.53,53.27,123.37,75.71,171.04,168.23,
1097.97,158.83,82.25,510.53,141.81,65.23,527.55,493.51,56.73,130.47,68.07,181.52,161.67,
1098.34,120.57,88.99,482.28,149.28,68.90,522.46,510.98,63.16,114.83,77.51,160.76,146.40,
1098.71,151.18,87.22,482.61,122.11,75.59,494.24,494.24,69.77,107.57,72.68,156.99,156.99,
1099.08,165.21,73.75,507.43,147.51,79.66,472.03,507.43,85.56,118.01,73.75,168.16,153.41,
1099.45,160.95,95.38,506.71,131.15,71.53,459.02,512.67,95.38,122.21,89.42,178.84,143.07,
1099.82,150.82,93.51,482.62,102.56,72.39,452.46,506.75,78.43,120.66,102.56,174.95,159.87,
1100.19,153.45,61.38,478.76,98.21,79.79,448.07,484.90,64.45,116.62,104.35,165.72,147.31,
1100.56,0.00,0.00,0.00,0.00,0.00,0.00,0.00,0.00,0.00,0.00,0.00,0.00,
1100.93,0.00,0.00,0.00,0.00,0.00,0.00,0.00,0.00,0.00,0.00,0.00,0.00,
1101.30,0.00,0.00,0.00,0.00,0.00,0.00,0.00,0.00,0.00,0.00,0.00,0.00,
1101.67,0.00,0.00,0.00,0.00,0.00,0.00,0.00,0.00,0.00,0.00,0.00,0.00,
1102.04,0.00,0.00,0.00,0.00,0.00,0.00,0.00,0.00,0.00,0.00,0.00,0.00,
1102.41,0.00,0.00,0.00,0.00,0.00,0.00,0.00,0.00,0.00,0.00,0.00,0.00,
1102.78,0.00,0.00,0.00,0.00,0.00,0.00,0.00,0.00,0.00,0.00,0.00,0.00,
1103.15,0.00,0.00,0.00,0.00,0.00,0.00,0.00,0.00,0.00,0.00,0.00,0.00,
1103.52,0.00,0.00,0.00,0.00,0.00,0.00,0.00,0.00,0.00,0.00,0.00,0.00,
1103.88,0.00,0.00,0.00,0.00,0.00,0.00,0.00,0.00,0.00,0.00,0.00,0.00,
1104.25,0.00,0.00,0.00,0.00,0.00,0.00,0.00,0.00,0.00,0.00,0.00,0.00,
1104.62,0.00,0.00,0.00,0.00,0.00,0.00,0.00,0.00,0.00,0.00,0.00,0.00,
1104.99,0.00,0.00,0.00,0.00,0.00,0.00,0.00,0.00,0.00,0.00,0.00,0.00,
1105.36,0.00,0.00,0.00,0.00,0.00,0.00,0.00,0.00,0.00,0.00,0.00,0.00,
1105.73,0.00,0.00,0.00,0.00,0.00,0.00,0.00,0.00,0.00,0.00,0.00,0.00,
1106.10,0.00,0.00,0.00,0.00,0.00,0.00,0.00,0.00,0.00,0.00,0.00,0.00,
1106.47,0.00,0.00,0.00,0.00,0.00,0.00,0.00,0.00,0.00,0.00,0.00,0.00,
1106.83,0.00,0.00,0.00,0.00,0.00,0.00,0.00,0.00,0.00,0.00,0.00,0.00,
1107.20,0.00,0.00,0.00,0.00,0.00,0.00,0.00,0.00,0.00,0.00,0.00,0.00,
1107.57,0.00,0.00,0.00,0.00,0.00,0.00,0.00,0.00,0.00,0.00,0.00,0.00,
1107.94,0.00,0.00,0.00,0.00,0.00,0.00,0.00,0.00,0.00,0.00,0.00,0.00,
1108.31,0.00,0.00,0.00,0.00,0.00,0.00,0.00,0.00,0.00,0.00,0.00,0.00,
1108.67,0.00,0.00,0.00,0.00,0.00,0.00,0.00,0.00,0.00,0.00,0.00,0.00,
1109.04,0.00,0.00,0.00,0.00,0.00,0.00,0.00,0.00,0.00,0.00,0.00,0.00,
1109.41,0.00,0.00,0.00,0.00,0.00,0.00,0.00,0.00,0.00,0.00,0.00,0.00,
1109.78,0.00,0.00,0.00,0.00,0.00,0.00,0.00,0.00,0.00,0.00,0.00,0.00,
1110.15,0.00,0.00,0.00,0.00,0.00,0.00,0.00,0.00,0.00,0.00,0.00,0.00,
1110.51,0.00,0.00,0.00,0.00,0.00,0.00,0.00,0.00,0.00,0.00,0.00,0.00,
1110.88,0.00,0.00,0.00,0.00,0.00,0.00,0.00,0.00,0.00,0.00,0.00,0.00,
1111.25,0.00,0.00,0.00,0.00,0.00,0.00,0.00,0.00,0.00,0.00,0.00,0.00,
1111.62,0.00,0.00,0.00,0.00,0.00,0.00,0.00,0.00,0.00,0.00,0.00,0.00,
1111.98,0.00,0.00,0.00,0.00,0.00,0.00,0.00,0.00,0.00,0.00,0.00,0.00,
1112.35,0.00,0.00,0.00,-0.00,0.00,0.00,0.00,0.00,0.00,0.00,0.00,0.00,
1112.72,0.00,0.00,0.00,-0.00,0.00,0.00,0.00,0.00,0.00,0.00,0.00,0.00,
1113.08,0.00,0.00,0.00,-0.00,0.00,0.00,0.00,0.00,0.00,0.00,0.00,0.00,
1113.45,0.00,0.00,0.00,-0.00,0.00,0.00,0.00,0.00,0.00,0.00,0.00,0.00,
1113.82,0.00,0.00,0.00,0.00,0.00,0.00,0.00,0.00,0.00,0.00,0.00,0.00,
1114.18,0.00,0.00,0.00,0.00,0.00,0.00,0.00,0.00,0.00,0.00,0.00,0.00,
1114.55,0.00,-0.00,0.00,0.00,0.00,0.00,0.00,0.00,0.00,0.00,0.00,0.00,
1114.92,0.00,0.00,0.00,0.00,0.00,0.00,0.00,0.00,0.00,0.00,0.00,0.00,
1115.28,0.00,0.00,0.00,0.00,0.00,0.00,0.00,0.00,0.00,0.00,0.00,0.00,
1115.65,-0.00,0.00,0.00,0.00,0.00,0.00,0.00,0.00,0.00,0.00,0.00,0.00,
1116.02,-0.00,0.00,0.00,-0.00,0.00,0.00,0.00,0.00,0.00,0.00,0.00,0.00,
1116.38,0.00,0.00,0.00,-0.00,0.00,0.00,0.00,0.00,0.00,0.00,0.00,0.00,
1116.75,0.00,0.00,0.00,0.00,0.00,0.00,0.00,0.00,0.00,0.00,0.00,0.00,
1117.11,-0.00,0.00,0.00,0.00,0.00,0.00,0.00,0.00,0.00,-0.00,0.00,0.00,
1117.48,-0.00,-0.00,0.00,-0.00,0.00,0.00,0.00,0.00,0.00,0.00,0.00,0.00,
1117.84,0.00,-0.00,0.00,-0.00,0.00,0.00,0.00,0.00,0.00,-0.00,0.00,0.00,
1118.21,-0.00,-0.00,0.00,0.00,0.00,0.00,0.00,0.00,0.00,-0.00,0.00,0.00,
1118.58,-0.00,-0.00,0.00,0.00,0.00,0.00,0.00,0.00,0.00,-0.00,0.00,0.00,
1118.94,0.00,-0.00,0.00,0.00,0.00,0.00,0.00,0.00,0.00,-0.00,0.00,0.00,
1119.31,0.00,-0.00,0.00,0.00,0.00,0.00,0.00,0.00,0.00,-0.00,0.00,0.00,
1119.67,0.00,-0.00,0.00,0.00,0.00,0.00,0.00,0.00,0.00,-0.00,0.00,0.00,
1120.04,0.00,-0.00,0.00,-0.00,0.00,0.00,0.00,0.00,0.00,-0.00,0.00,0.00,
1120.40,0.00,-0.00,0.00,-0.00,0.00,0.00,0.00,0.00,0.00,-0.00,0.00,0.00,
1120.77,0.00,-0.00,0.00,0.00,0.00,0.00,0.00,0.00,0.00,-0.00,-0.00,0.00,
1121.13,0.00,-0.00,0.00,0.00,0.00,0.00,0.00,0.00,0.00,-0.00,0.00,0.00,
1121.50,0.00,-0.00,0.00,0.00,0.00,0.00,0.00,0.00,0.00,-0.00,0.00,0.00,
1121.86,0.00,-0.00,0.00,0.00,0.00,0.00,0.00,0.00,0.00,-0.00,0.00,0.00,
